Table 1 
IRAC Observing Log


AOR	PID	Date	3.6/5.8 Center	4.5/8.0 Center	Dimensions	Angle^a	Exp. Time^b	
		(UT)	(J2000)	(J2000)	(arcmin)	(deg)	(s)	
3963904	37	2004 Feb 9	04 46 42.3 +24 58 58	04 46 42.3 +24 58 58	5.3 x 5.3	85.0	31.2 HDR	
			04 46 46.6 +24 52 21	04 46 38.5 +25 05 43	5.3 x 5.3	85.0	31.2 HDR	
			04 44 31.0 +25 12 21	04 44 31.0 +25 12 21	5.3 x 5.3	85.0	31.2 HDR	
			04 44 34.9 +25 05 50	04 44 27.2 +25 19 06	5.3 x 5.3	85.0	31.2 HDR	
			04 43 03.4 +25 20 10	04 43 03.4 +25 20 10	5.3 x 5.3	85.0	31.2 HDR	
			04 43 07.2 +25 13 44	04 43 00.0 +25 26 56	5.3 x 5.3	85.0	31.2 HDR	
			04 42 38.0 +25 15 29	04 42 38.0 +25 15 29	5.3 x 5.3	85.0	31.2 HDR	
			04 42 41.4 +25 08 54	04 42 34.1 +25 22 14	5.3 x 5.3	85.0	31.2 HDR	
			04 42 21.5 +25 20 26	04 42 21.5 +25 20 26	5.3 x 5.3	85.0	31.2 HDR	
			04 42 24.8 +25 13 53	04 42 17.7 +25 27 11	5.3 x 5.3	85.0	31.2 HDR	
			04 42 07.6 +25 22 53	04 42 07.6 +25 22 53	5.3 x 5.3	85.0	31.2 HDR	
			04 42 11.2 +25 16 21	04 42 03.8 +25 29 38	5.3 x 5.3	85.0	31.2 HDR	
			04 41 04.5 +24 51 02	04 41 04.5 +24 51 02	5.3 x 5.3	85.0	31.2 HDR	
			04 41 08.7 +24 44 22	04 41 00.5 +24 57 46	5.3 x 5.3	85.0	31.2 HDR	
			04 41 39.7 +25 56 17	04 41 39.7 +25 56 17	5.3 x 5.3	85.0	31.2 HDR	
			04 41 42.4 +25 49 48	04 41 35.9 +26 03 01	5.3 x 5.3	85.0	31.2 HDR	
			04 41 12.8 +25 46 38	04 41 12.8 +25 46 38	5.3 x 5.3	85.0	31.2 HDR	
			04 41 17.0 +25 39 51	04 41 09.0 +25 53 22	5.3 x 5.3	85.0	31.2 HDR	
			04 40 50.0 +25 51 18	04 40 50.0 +25 51 18	5.3 x 5.3	85.0	31.2 HDR	
			04 40 53.4 +25 44 36	04 40 46.1 +25 58 02	5.3 x 5.3	85.0	31.2 HDR	
3965440	37	2004 Feb 9	04 47 49.0 +29 25 09	04 47 49.0 +29 25 09	5.3 x 5.3	87.0	31.2 HDR	
			04 47 51.2 +29 18 26	04 47 46.6 +29 31 56	5.3 x 5.3	87.0	31.2 HDR	
			04 43 20.4 +29 40 08	04 43 20.4 +29 40 08	5.3 x 5.3	87.0	31.2 HDR	
			04 43 23.6 +29 33 19	04 43 17.6 +29 46 54	5.3 x 5.3	87.0	31.2 HDR	
			04 41 17.7 +28 39 50	04 41 17.7 +28 39 50	5.3 x 5.3	87.0	31.2 HDR	
			04 41 19.7 +28 33 18	04 41 14.5 +28 46 37	5.3 x 5.3	87.0	31.2 HDR	
3967488	37	2004 Feb 10	04 14 47.7 +26 47 22	04 14 47.7 +26 47 22	5.3 x 5.3	82.0	31.2 HDR	
			04 14 53.2 +26 40 38	04 14 42.6 +26 54 05	5.3 x 5.3	82.0	31.2 HDR	
3967232	37	2004 Feb 11	04 04 39.4 +21 58 22	04 04 39.4 +21 58 22	5.3 x 5.3	80.0	31.2 HDR	
			04 04 45.9 +21 51 41	04 04 33.4 +22 05 00	5.3 x 5.3	80.0	31.2 HDR	
3966464	37	2004 Feb 12	05 07 49.7 +30 24 07	05 07 49.7 +30 24 07	5.3 x 5.3	89.5	31.2 HDR	
			05 07 51.3 +30 17 17	05 07 48.5 +30 30 55	5.3 x 5.3	89.5	31.2 HDR	
3964928	37	2004 Feb 14	05 07 55.1 +25 00 03	05 07 55.1 +25 00 03	5.3 x 5.3	86.0	31.2 HDR	
			05 07 57.7 +24 53 31	05 07 52.4 +25 06 51	5.3 x 5.3	86.0	31.2 HDR	
			05 07 12.4 +24 37 08	05 07 12.4 +24 37 08	5.3 x 5.3	86.0	31.2 HDR	
			05 07 15.2 +24 30 40	05 07 09.5 +24 43 54	5.3 x 5.3	86.0	31.2 HDR	
			05 06 23.8 +24 32 17	05 06 23.8 +24 32 17	5.3 x 5.3	86.0	31.2 HDR	
			05 06 26.4 +24 25 35	05 06 20.9 +24 39 04	5.3 x 5.3	86.0	31.2 HDR	
			05 06 17.3 +24 46 02	05 06 17.3 +24 46 02	5.3 x 5.3	86.0	31.2 HDR	
			05 06 19.6 +24 39 27	05 06 14.4 +24 52 48	5.3 x 5.3	86.0	31.2 HDR	
			05 05 23.0 +25 31 34	05 05 23.0 +25 31 34	5.3 x 5.3	86.0	31.2 HDR	
			05 05 26.1 +25 24 45	05 05 20.3 +25 38 21	5.3 x 5.3	86.0	31.2 HDR	
			05 04 42.2 +25 09 44	05 04 42.2 +25 09 44	5.3 x 5.3	86.0	31.2 HDR	
			05 04 44.0 +25 03 13	05 04 39.4 +25 16 30	5.3 x 5.3	86.0	31.2 HDR	
3965696	37	2004 Feb 14	04 56 00.0 +30 33 50	04 56 00.0 +30 33 50	5.3 x 5.3	88.0	31.2 HDR	
			04 56 01.5 +30 27 17	04 55 57.6 +30 40 37	5.3 x 5.3	88.0	31.2 HDR	
			04 55 46.3 +30 33 03	04 55 46.3 +30 33 03	5.3 x 5.3	88.0	31.2 HDR	
			04 55 47.9 +30 26 19	04 55 44.1 +30 39 51	5.3 x 5.3	88.0	31.2 HDR	
			04 56 02.3 +30 20 56	04 56 02.3 +30 20 56	5.3 x 5.3	88.0	31.2 HDR	
			04 56 03.9 +30 14 19	04 56 00.2 +30 27 44	5.3 x 5.3	88.0	31.2 HDR	
			04 55 37.3 +30 17 47	04 55 37.3 +30 17 47	5.3 x 5.3	88.0	31.2 HDR	
			04 55 39.6 +30 11 18	04 55 35.2 +30 24 35	5.3 x 5.3	88.0	31.2 HDR	
			04 55 11.5 +30 21 50	04 55 11.5 +30 21 50	5.3 x 5.3	88.0	31.2 HDR	
			04 55 13.2 +30 15 15	04 55 09.4 +30 28 38	5.3 x 5.3	88.0	31.2 HDR	
			04 52 06.7 +30 47 20	04 52 06.7 +30 47 20	5.3 x 5.3	88.0	31.2 HDR	
			04 52 09.3 +30 40 29	04 52 04.6 +30 54 07	5.3 x 5.3	88.0	31.2 HDR	
			04 51 48.0 +30 47 03	04 51 48.0 +30 47 03	5.3 x 5.3	88.0	31.2 HDR	
			04 51 49.5 +30 40 31	04 51 45.8 +30 53 50	5.3 x 5.3	88.0	31.2 HDR	
4915200	94	2004 Feb 14	04 55 03.5 +30 31 26	04 55 01.3 +30 38 13	14.3 x 19.0	177.5	52 HDR	
4916992	94	2004 Feb 14	05 04 24.7 +25 08 16	05 04 21.9 +25 15 02	10.3 x 15.0	176.0	52 HDR	
4915456	94	2004 Feb 15	04 55 03.5 +30 31 26	04 55 01.3 +30 38 13	14.3 x 19.0	177.5	52 HDR	
4917248	94	2004 Feb 16	05 04 24.7 +25 08 16	05 04 21.9 +25 15 02	10.3 x 15.0	176.0	52 HDR	
3966720	37	2004 Mar 6	04 46 59.6 +17 00 42	04 46 59.6 +17 00 42	5.3 x 5.3	83.5	31.2 HDR	
			04 47 04.0 +16 53 56	04 46 55.6 +17 07 27	5.3 x 5.3	83.5	31.2 HDR	
3963392	37	2004 Mar 7	04 30 57.0 +25 56 37	04 30 57.0 +25 56 37	5.3 x 5.3	82.0	31.2 HDR	
			04 31 02.2 +25 49 57	04 30 51.9 +26 03 18	5.3 x 5.3	82.0	31.2 HDR	
			04 30 44.2 +26 01 23	04 30 44.2 +26 01 23	5.3 x 5.3	82.0	31.2 HDR	
			04 30 49.5 +25 54 53	04 30 39.2 +26 08 05	5.3 x 5.3	82.0	31.2 HDR	
			04 30 07.4 +26 08 23	04 30 07.4 +26 08 23	5.3 x 5.3	82.0	31.2 HDR	
			04 30 12.7 +26 01 34	04 30 02.2 +26 15 05	5.3 x 5.3	82.0	31.2 HDR	
			04 29 51.4 +26 06 41	04 29 51.4 +26 06 41	5.3 x 5.3	82.0	31.2 HDR	
			04 29 56.7 +26 00 02	04 29 46.1 +26 13 23	5.3 x 5.3	82.0	31.2 HDR	
			04 29 30.1 +26 16 45	04 29 30.1 +26 16 45	5.3 x 5.3	82.0	31.2 HDR	
			04 29 35.2 +26 10 20	04 29 24.9 +26 23 26	5.3 x 5.3	82.0	31.2 HDR	
			04 29 44.1 +26 31 44	04 29 44.1 +26 31 44	5.3 x 5.3	82.0	31.2 HDR	
			04 29 48.8 +26 25 13	04 29 38.9 +26 38 27	5.3 x 5.3	82.0	31.2 HDR	
			04 29 20.9 +26 33 39	04 29 20.9 +26 33 39	5.3 x 5.3	82.0	31.2 HDR	
			04 29 25.5 +26 27 00	04 29 15.7 +26 40 20	5.3 x 5.3	82.0	31.2 HDR	
			04 29 05.1 +26 49 10	04 29 05.1 +26 49 10	5.3 x 5.3	82.0	31.2 HDR	
			04 29 10.7 +26 42 25	04 29 00.0 +26 55 52	5.3 x 5.3	82.0	31.2 HDR	
			04 31 14.6 +27 10 21	04 31 14.6 +27 10 21	5.3 x 5.3	82.0	31.2 HDR	
			04 31 19.7 +27 03 37	04 31 09.5 +27 17 05	5.3 x 5.3	82.0	31.2 HDR	
			04 27 03.1 +25 42 15	04 27 03.1 +25 42 15	5.3 x 5.3	82.0	31.2 HDR	
			04 27 07.9 +25 35 43	04 26 57.8 +25 48 58	5.3 x 5.3	82.0	31.2 HDR	
			04 26 59.3 +26 06 24	04 26 59.3 +26 06 24	5.3 x 5.3	82.0	31.2 HDR	
			04 27 04.2 +25 59 57	04 26 53.9 +26 13 07	5.3 x 5.3	82.0	31.2 HDR	
			04 27 27.7 +26 12 02	04 27 27.7 +26 12 02	5.3 x 5.3	82.0	31.2 HDR	
			04 27 33.4 +26 05 26	04 27 22.4 +26 18 46	5.3 x 5.3	82.0	31.2 HDR	
			04 27 58.2 +26 19 10	04 27 58.2 +26 19 10	5.3 x 5.3	82.0	31.2 HDR	
			04 28 02.2 +26 12 41	04 27 53.0 +26 25 52	5.3 x 5.3	82.0	31.2 HDR	
			04 26 29.4 +26 24 04	04 26 29.4 +26 24 04	5.3 x 5.3	82.0	31.2 HDR	
			04 26 34.7 +26 17 36	04 26 24.0 +26 30 48	5.3 x 5.3	82.0	31.2 HDR	
			04 25 17.3 +26 17 45	04 25 17.3 +26 17 45	5.3 x 5.3	82.0	31.2 HDR	
			04 25 23.3 +26 11 12	04 25 11.9 +26 24 26	5.3 x 5.3	82.0	31.2 HDR	
			04 24 45.1 +26 10 12	04 24 45.1 +26 10 12	5.3 x 5.3	82.0	31.2 HDR	
			04 24 50.1 +26 03 34	04 24 39.5 +26 16 57	5.3 x 5.3	82.0	31.2 HDR	
3963648	37	2004 Mar 7	04 40 09.7 +26 05 15	04 40 09.7 +26 05 15	5.3 x 5.3	82.5	31.2 HDR	
			04 40 13.8 +25 58 45	04 40 05.2 +26 11 58	5.3 x 5.3	82.5	31.2 HDR	
			04 39 50.6 +26 02 25	04 39 50.6 +26 02 25	5.3 x 5.3	82.5	31.2 HDR	
			04 39 55.6 +25 55 40	04 39 46.0 +26 09 08	5.3 x 5.3	82.5	31.2 HDR	
			04 39 13.7 +25 53 17	04 39 13.7 +25 53 17	5.3 x 5.3	82.5	31.2 HDR	
			04 39 18.4 +25 46 38	04 39 09.1 +26 00 00	5.3 x 5.3	82.5	31.2 HDR	
			04 39 21.4 +25 44 53	04 39 21.4 +25 44 53	5.3 x 5.3	82.5	31.2 HDR	
			04 39 25.5 +25 38 21	04 39 16.9 +25 51 36	5.3 x 5.3	82.5	31.2 HDR	
			04 39 36.0 +25 41 36	04 39 36.0 +25 41 36	5.3 x 5.3	82.5	31.2 HDR	
			04 39 39.4 +25 35 06	04 39 31.5 +25 48 18	5.3 x 5.3	82.5	31.2 HDR	
			04 39 56.0 +25 44 54	04 39 56.0 +25 44 54	5.3 x 5.3	82.5	31.2 HDR	
			04 40 00.6 +25 38 28	04 39 51.5 +25 51 37	5.3 x 5.3	82.5	31.2 HDR	
			04 38 28.7 +26 10 00	04 38 28.7 +26 10 00	5.3 x 5.3	82.5	31.2 HDR	
			04 38 33.0 +26 03 20	04 38 24.1 +26 16 44	5.3 x 5.3	82.5	31.2 HDR	
			04 36 19.3 +25 42 51	04 36 19.3 +25 42 51	5.3 x 5.3	82.5	31.2 HDR	
			04 36 23.6 +25 36 19	04 36 14.6 +25 49 33	5.3 x 5.3	82.5	31.2 HDR	
			04 33 39.0 +25 20 30	04 33 39.0 +25 20 30	5.3 x 5.3	82.5	31.2 HDR	
			04 33 43.9 +25 13 58	04 33 34.2 +25 27 13	5.3 x 5.3	82.5	31.2 HDR	
			04 33 54.7 +26 13 25	04 33 54.7 +26 13 25	5.3 x 5.3	82.5	31.2 HDR	
			04 34 00.0 +26 06 55	04 33 49.8 +26 20 06	5.3 x 5.3	82.5	31.2 HDR	
			04 33 36.5 +26 09 43	04 33 36.5 +26 09 43	5.3 x 5.3	82.5	31.2 HDR	
			04 33 41.8 +26 03 09	04 33 31.4 +26 16 26	5.3 x 5.3	82.5	31.2 HDR	
			04 33 14.2 +26 14 20	04 33 14.2 +26 14 20	5.3 x 5.3	82.5	31.2 HDR	
			04 33 19.3 +26 07 40	04 33 09.2 +26 21 02	5.3 x 5.3	82.5	31.2 HDR	
			04 32 43.2 +25 52 30	04 32 43.2 +25 52 30	5.3 x 5.3	82.5	31.2 HDR	
			04 32 47.6 +25 45 49	04 32 38.2 +25 59 12	5.3 x 5.3	82.5	31.2 HDR	
			04 31 58.1 +25 43 26	04 31 58.1 +25 43 26	5.3 x 5.3	82.5	31.2 HDR	
			04 32 03.5 +25 36 50	04 31 53.1 +25 50 08	5.3 x 5.3	82.5	31.2 HDR	
3966208	37	2004 Mar 8	04 20 52.8 +17 46 43	04 20 52.8 +17 46 43	5.3 x 5.3	81.5	31.2 HDR	
			04 20 58.1 +17 39 59	04 20 47.8 +17 53 26	5.3 x 5.3	81.5	31.2 HDR	
			04 18 22.3 +16 58 35	04 18 22.3 +16 58 35	5.3 x 5.3	81.5	31.2 HDR	
			04 18 26.1 +16 52 08	04 18 17.3 +17 05 17	5.3 x 5.3	81.5	31.2 HDR	
3967744	37	2004 Mar 9	04 39 16.0 +30 32 10	04 39 16.0 +30 32 10	5.3 x 5.3	83.0	31.2 HDR	
			04 39 21.4 +30 25 26	04 39 11.0 +30 38 53	5.3 x 5.3	83.0	31.2 HDR	
4913152	94	2004 Mar 9	04 34 09.3 +24 06 27	04 34 04.5 +24 13 09	10.3 x 19.0	172.3	52 HDR	
4913664	94	2004 Mar 9	04 36 14.5 +24 40 47	04 36 09.8 +24 47 30	10.3 x 15.0	172.4	52 HDR	
4914176	94	2004 Mar 9	04 40 41.0 +29 50 28	04 40 36.1 +29 57 12	6.3 x 15.0	172.5	52 HDR	
4914688	94	2004 Mar 9	04 43 32.7 +29 36 43	04 43 28.0 +29 43 25	6.3 x 15.0	173.0	52 HDR	
4913920	94	2004 Mar 11	04 36 14.5 +24 40 47	04 36 09.8 +24 47 30	10.3 x 15.0	172.4	52 HDR	
4914432	94	2004 Mar 11	04 40 41.0 +29 50 28	04 40 36.1 +29 57 12	6.3 x 15.0	172.5	52 HDR	
4914944	94	2004 Mar 11	04 43 32.7 +29 36 43	04 43 28.0 +29 43 25	6.3 x 15.0	173.0	52 HDR	
4913408	94	2004 Mar 12	04 34 09.3 +24 06 27	04 34 09.3 +24 06 27	10.3 x 19.0	172.3	52 HDR	
5075712	139	2004 Sep 7	04 28 35.6 +26 55 46	04 28 40.7 +26 49 03	5.3 x 15.0	172.0	20.8	
5076736	139	2004 Sep 7	04 29 34.7 +26 58 55	04 29 34.7 +26 58 55	5.3 x 5.3	82.0	20.8	
			04 29 30.4 +27 05 34	04 29 39.9 +26 52 12	5.3 x 5.3	82.0	20.8	
5086464	139	2004 Sep 7	04 42 36.0 +29 47 12	04 42 40.5 +29 40 28	5.3 x 19.7	173.3	20.8	
5657856	173	2004 Sep 7	04 09 22.3 +17 16 38	04 09 15.6 +17 15 40	5.6 x 5.6	80.5	20.8 HDR	
			04 09 10.4 +17 22 22	04 09 27.5 +17 09 57	5.6 x 5.6	80.5	20.8 HDR	
5658368	173	2004 Sep 7	04 18 56.7 +17 23 45	04 18 50.1 +17 22 48	5.6 x 5.6	81.5	20.8 HDR	
			04 18 45.0 +17 29 30	04 19 01.8 +17 17 03	5.6 x 5.6	81.5	20.8 HDR	
5658624	173	2004 Sep 7	04 20 29.9 +31 23 55	04 20 22.7 +31 22 56	5.6 x 5.6	81.0	20.8 HDR	
			04 20 16.7 +31 29 37	04 20 35.9 +31 17 13	5.6 x 5.6	81.0	20.8 HDR	
5658880	173	2004 Sep 7	04 24 54.1 +26 43 42	04 24 47.1 +26 42 45	5.6 x 5.6	82.0	20.8 HDR	
			04 24 41.6 +26 49 27	04 24 59.5 +26 37 02	5.6 x 5.6	82.0	20.8 HDR	
5659136	173	2004 Sep 7	04 34 40.0 +25 01 20	04 34 39.4 +25 00 31	5.6 x 5.6	82.0	20.8 HDR	
			04 34 34.8 +25 07 15	04 34 44.8 +24 54 38	5.6 x 5.6	82.0	20.8 HDR	
			04 36 01.9 +23 52 33	04 35 55.3 +23 51 38	5.6 x 5.6	82.0	20.8 HDR	
			04 35 50.8 +23 58 23	04 36 06.8 +23 45 47	5.6 x 5.6	82.0	20.8 HDR	
			04 29 26.6 +24 39 51	04 29 28.9 +24 40 16	5.6 x 5.6	82.0	20.8 HDR	
			04 29 24.0 +24 46 58	04 29 31.8 +24 33 09	5.6 x 5.6	82.0	20.8 HDR	
5659392	173	2004 Sep 7	04 38 13.7 +20 22 59	04 38 13.5 +20 22 10	5.6 x 5.6	83.0	20.8 HDR	
			04 38 08.9 +20 28 55	04 38 18.0 +20 16 28	5.6 x 5.6	83.0	20.8 HDR	
			04 37 32.2 +18 51 54	04 37 25.4 +18 51 00	5.6 x 5.6	83.0	20.8 HDR	
			04 37 20.8 +18 57 42	04 37 36.3 +18 45 11	5.6 x 5.6	83.0	20.8 HDR	
5659648	173	2004 Sep 7	04 45 52.0 +15 56 04	04 45 51.6 +15 55 21	5.6 x 5.6	83.5	20.8 HDR	
			04 45 47.5 +16 02 07	04 45 55.9 +15 49 29	5.6 x 5.6	83.5	20.8 HDR	
			04 38 43.9 +15 46 41	04 38 37.5 +15 45 46	5.6 x 5.6	83.5	20.8 HDR	
			04 38 33.2 +15 52 30	04 38 48.2 +15 39 59	5.6 x 5.6	83.5	20.8 HDR	
5660416	173	2004 Sep 7	04 52 35.9 +17 30 50	04 52 29.3 +17 30 00	5.6 x 5.6	84.0	20.8 HDR	
			04 52 25.4 +17 36 45	04 52 39.9 +17 24 05	5.6 x 5.6	84.0	20.8 HDR	
			04 52 50.9 +16 22 31	04 52 50.2 +16 21 42	5.6 x 5.6	84.0	20.8 HDR	
			04 52 46.4 +16 28 21	04 52 54.7 +16 15 49	5.6 x 5.6	84.0	20.8 HDR	
5660928	173	2004 Sep 7	04 58 40.7 +20 46 52	04 58 40.0 +20 46 15	5.6 x 5.6	84.5	20.8 HDR	
			04 58 36.4 +20 53 01	04 58 44.0 +20 40 16	5.6 x 5.6	84.5	20.8 HDR	
			04 57 35.7 +20 14 55	04 57 29.0 +20 14 03	5.6 x 5.6	84.5	20.8 HDR	
			04 57 25.4 +20 20 48	04 57 39.4 +20 08 09	5.6 x 5.6	84.5	20.8 HDR	
5661184	173	2004 Sep 7	05 03 12.1 +25 23 44	05 03 04.9 +25 22 55	5.6 x 5.6	85.5	20.8 HDR	
			05 03 01.7 +25 29 40	05 03 15.2 +25 17 00	5.6 x 5.6	85.5	20.8 HDR	
5672960	173	2004 Sep 7	04 12 51.2 +19 37 27	04 12 51.1 +19 36 31	5.6 x 5.6	81.0	20.8 HDR	
			04 12 45.7 +19 43 03	04 12 56.7 +19 30 48	5.6 x 5.6	81.0	20.8 HDR	
			04 05 24.7 +20 09 53	04 05 18.2 +20 08 58	5.6 x 5.6	81.0	20.8 HDR	
			04 05 12.4 +20 15 37	04 05 30.4 +20 03 17	5.6 x 5.6	81.0	20.8 HDR	
5710336	173	2004 Sep 7	04 32 58.3 +17 36 01	04 32 51.7 +17 35 08	5.6 x 5.6	82.5	20.8 HDR	
			04 32 47.1 +17 41 50	04 33 03.0 +17 29 19	5.6 x 5.6	82.5	20.8 HDR	
5073920	139	2004 Sep 8	04 21 56.4 +15 29 49	04 21 56.4 +15 29 49	5.3 x 5.3	82.0	20.8 HDR	
			04 21 52.4 +15 36 27	04 22 01.1 +15 23 06	5.3 x 5.3	82.0	20.8 HDR	
5658112	173	2004 Sep 8	04 09 56.4 +24 46 52	04 09 49.7 +24 45 55	5.6 x 5.6	80.0	20.8 HDR	
			04 09 43.6 +24 52 34	04 10 02.6 +24 40 14	5.6 x 5.6	80.0	20.8 HDR	
5660160	173	2004 Sep 8	04 41 13.9 +25 56 35	04 41 06.8 +25 55 40	5.6 x 5.6	83.5	20.8 HDR	
			04 41 02.5 +26 02 27	04 41 18.4 +25 49 50	5.6 x 5.6	83.5	20.8 HDR	
5076224	139	2004 Sep 9	04 28 35.6 +26 55 46	04 28 40.7 +26 49 03	5.3 x 15.0	172.0	20.8	
5077248	139	2004 Sep 9	04 29 34.7 +26 58 55	04 29 34.7 +26 58 55	5.3 x 5.3	82.0	20.8	
			04 29 30.4 +27 05 34	04 29 39.9 +26 52 12	5.3 x 5.3	82.0	20.8	
5074432	139	2004 Sep 10	04 21 56.4 +15 29 49	04 21 56.4 +15 29 49	5.3 x 5.3	82.0	20.8 HDR	
			04 21 52.4 +15 36 27	04 22 01.1 +15 23 06	5.3 x 5.3	82.0	20.8 HDR	
5086976	139	2004 Sep 10	04 42 36.0 +29 47 12	04 42 40.5 +29 40 28	5.3 x 19.7	173.3	20.8	
5074688	139	2004 Oct 5	04 23 36.4 +26 40 07	04 23 36.4 +26 40 07	5.3 x 5.3	79.5	20.8	
			04 23 30.6 +26 46 46	04 23 42.9 +26 33 29	5.3 x 5.3	79.5	20.8	
5077760	139	2004 Oct 5	04 30 06.4 +24 25 55	04 30 06.4 +24 25 55	5.3 x 5.3	81.5	20.8	
			04 30 01.7 +24 32 34	04 30 11.8 +24 19 13	5.3 x 5.3	81.5	20.8	
5078784	139	2004 Oct 5	04 31 53.3 +24 36 11	04 31 58.4 +24 29 28	10.0 x 15.0	171.5	20.8	
5079808	139	2004 Oct 5	04 32 36.1 +24 52 05	04 32 36.1 +24 52 05	5.3 x 5.3	81.5	20.8	
			04 32 31.5 +24 58 45	04 32 41.5 +24 45 24	5.3 x 5.3	81.5	20.8	
5080832	139	2004 Oct 5	04 32 45.6 +24 27 38	04 32 50.9 +24 20 55	10.0 x 15.0	171.5	20.8	
5081856	139	2004 Oct 5	04 35 52.4 +24 09 33	04 35 53.2 +24 09 30	5.3 x 5.3	82.0	20.8	
			04 35 48.2 +24 16 12	04 35 57.3 +24 02 51	5.3 x 5.3	82.0	20.8	
3653120	6	2004 Oct 7	04 31 38.0 +18 14 20	04 31 41.3 +18 07 35	28.5 x 33.2	175.0	20.8 HDR	
5075200	139	2004 Oct 7	04 23 36.4 +26 40 07	04 23 36.4 +26 40 07	5.3 x 5.3	79.5	20.8	
			04 23 30.6 +26 46 46	04 23 42.9 +26 33 29	5.3 x 5.3	79.5	20.8	
5078272	139	2004 Oct 7	04 30 06.4 +24 25 55	04 30 06.4 +24 25 55	5.3 x 5.3	81.5	20.8	
			04 30 01.7 +24 32 34	04 30 11.8 +24 19 13	5.3 x 5.3	81.5	20.8	
5079296	139	2004 Oct 7	04 31 53.3 +24 36 11	04 31 58.4 +24 29 28	10.0 x 15.0	171.5	20.8	
5080320	139	2004 Oct 7	04 32 36.1 +24 52 05	04 32 36.1 +24 52 05	5.3 x 5.3	81.5	20.8	
			04 32 31.5 +24 58 45	04 32 41.5 +24 45 24	5.3 x 5.3	81.5	20.8	
5081344	139	2004 Oct 7	04 32 45.6 +24 27 38	04 32 50.9 +24 20 55	10.0 x 15.0	171.5	20.8	
5082368	139	2004 Oct 7	04 35 52.4 +24 09 33	04 35 53.2 +24 09 30	5.3 x 5.3	82.0	20.8	
			04 35 48.2 +24 16 12	04 35 57.3 +24 02 51	5.3 x 5.3	82.0	20.8	
5082880	139	2004 Oct 8	04 40 54.8 +26 13 24	04 40 59.8 +26 06 44	10.0 x 19.5	171.5	20.8	
5083392	139	2004 Oct 8	04 40 54.8 +26 13 24	04 40 59.8 +26 06 44	10.0 x 19.5	171.5	20.8	
5084416	139	2004 Oct 8	04 41 29.8 +26 04 12	04 41 34.8 +25 57 28	10.0 x 24.0	171.6	20.8 HDR	
5084928	139	2004 Oct 8	04 41 29.8 +26 04 12	04 41 34.8 +25 57 28	10.0 x 24.0	171.6	20.8 HDR	
5085440	139	2004 Oct 8	04 41 41.0 +25 45 47	04 41 46.1 +25 39 05	10.0 x 19.5	171.8	20.8	
5085952	139	2004 Oct 8	04 41 41.0 +25 45 47	04 41 46.1 +25 39 05	10.0 x 19.5	171.8	20.8	
6634752	139	2004 Oct 8	04 40 57.1 +25 57 27	04 41 02.1 +25 50 46	10.0 x 19.5	171.6	20.8	
6635008	139	2004 Oct 8	04 40 57.1 +25 57 27	04 41 02.1 +25 50 46	10.0 x 19.5	171.6	20.8	
4912640	94	2005 Feb 18	04 10 55.7 +25 05 43	04 10 50.1 +25 12 24	10.4 x 23.0	170.9	52 HDR	
3653888	6	2005 Feb 19	04 14 28.7 +28 12 19	04 14 23.8 +28 19 02	28.6 x 33.2	172.3	20.8 HDR	
3965184	37	2005 Feb 19	04 31 27.5 +17 06 24	04 31 27.5 +17 06 24	5.3 x 5.3	80.0	31.2 HDR	
			04 31 32.3 +16 59 43	04 31 21.9 +17 13 04	5.3 x 5.3	80.0	31.2 HDR	
			04 32 30.4 +17 31 38	04 32 30.4 +17 31 38	5.3 x 5.3	80.0	31.2 HDR	
			04 32 36.0 +17 24 53	04 32 24.8 +17 38 18	5.3 x 5.3	80.0	31.2 HDR	
			04 33 39.5 +17 51 48	04 33 39.5 +17 51 48	5.3 x 5.3	80.0	31.2 HDR	
			04 33 45.1 +17 45 14	04 33 34.0 +17 58 29	5.3 x 5.3	80.0	31.2 HDR	
			04 35 24.3 +17 51 38	04 35 24.3 +17 51 38	5.3 x 5.3	80.0	31.2 HDR	
			04 35 30.0 +17 45 05	04 35 18.9 +17 58 19	5.3 x 5.3	80.0	31.2 HDR	
			04 32 09.4 +17 57 19	04 32 09.4 +17 57 19	5.3 x 5.3	80.0	31.2 HDR	
			04 32 14.4 +17 50 44	04 32 03.9 +18 03 59	5.3 x 5.3	80.0	31.2 HDR	
			04 32 44.0 +18 03 03	04 32 44.0 +18 03 03	5.3 x 5.3	80.0	31.2 HDR	
			04 32 49.0 +17 56 17	04 32 38.5 +18 09 44	5.3 x 5.3	80.0	31.2 HDR	
			04 33 48.6 +18 10 09	04 33 48.6 +18 10 09	5.3 x 5.3	80.0	31.2 HDR	
			04 33 54.9 +18 03 23	04 33 43.1 +18 16 51	5.3 x 5.3	80.0	31.2 HDR	
			04 34 17.9 +18 30 02	04 34 17.9 +18 30 02	5.3 x 5.3	80.0	31.2 HDR	
			04 34 23.6 +18 23 22	04 34 12.6 +18 36 44	5.3 x 5.3	80.0	31.2 HDR	
			04 33 55.8 +18 38 44	04 33 55.8 +18 38 44	5.3 x 5.3	80.0	31.2 HDR	
			04 34 01.1 +18 31 54	04 33 50.6 +18 45 25	5.3 x 5.3	80.0	31.2 HDR	
			04 32 22.2 +18 27 32	04 32 22.2 +18 27 32	5.3 x 5.3	80.0	31.2 HDR	
			04 32 27.9 +18 20 52	04 32 16.8 +18 34 14	5.3 x 5.3	80.0	31.2 HDR	
			04 30 04.6 +18 13 45	04 30 04.6 +18 13 45	5.3 x 5.3	80.0	31.2 HDR	
			04 30 09.5 +18 07 15	04 29 59.1 +18 20 25	5.3 x 5.3	80.0	31.2 HDR	
			04 27 10.7 +17 50 40	04 27 10.7 +17 50 40	5.3 x 5.3	80.0	31.2 HDR	
			04 27 16.1 +17 43 58	04 27 05.0 +17 57 21	5.3 x 5.3	80.0	31.2 HDR	
3962880	37	2005 Feb 20	04 19 01.4 +28 02 44	04 19 01.4 +28 02 44	5.3 x 5.3	83.0	31.2 HDR	
			04 19 05.7 +27 56 07	04 18 56.5 +28 09 28	5.3 x 5.3	83.0	31.2 HDR	
			04 17 38.9 +28 32 59	04 17 38.9 +28 32 59	5.3 x 5.3	83.0	31.2 HDR	
			04 17 44.2 +28 26 13	04 17 34.1 +28 39 41	5.3 x 5.3	83.0	31.2 HDR	
			04 19 15.7 +29 06 27	04 19 15.7 +29 06 27	5.3 x 5.3	83.0	31.2 HDR	
			04 19 21.2 +28 59 38	04 19 11.0 +29 13 10	5.3 x 5.3	83.0	31.2 HDR	
			04 15 14.6 +28 00 08	04 15 14.6 +28 00 08	5.3 x 5.3	83.0	31.2 HDR	
			04 15 19.9 +27 53 23	04 15 09.5 +28 06 51	5.3 x 5.3	83.0	31.2 HDR	
			04 14 48.4 +27 52 40	04 14 48.4 +27 52 40	5.3 x 5.3	83.0	31.2 HDR	
			04 14 53.2 +27 45 48	04 14 43.3 +27 59 24	5.3 x 5.3	83.0	31.2 HDR	
			04 13 27.3 +28 16 23	04 13 27.3 +28 16 23	5.3 x 5.3	83.0	31.2 HDR	
			04 13 32.4 +28 09 37	04 13 22.3 +28 23 06	5.3 x 5.3	83.0	31.2 HDR	
			04 13 14.3 +28 19 09	04 13 14.3 +28 19 09	5.3 x 5.3	83.0	31.2 HDR	
			04 13 19.5 +28 12 33	04 13 09.2 +28 25 52	5.3 x 5.3	83.0	31.2 HDR	
			04 13 58.1 +29 18 16	04 13 58.1 +29 18 16	5.3 x 5.3	83.0	31.2 HDR	
			04 14 02.4 +29 11 43	04 13 53.1 +29 24 58	5.3 x 5.3	83.0	31.2 HDR	
3963136	37	2005 Feb 20	04 24 44.8 +27 01 41	04 24 44.8 +27 01 41	5.3 x 5.3	83.5	31.2 HDR	
			04 24 49.8 +26 55 03	04 24 40.2 +27 08 25	5.3 x 5.3	83.5	31.2 HDR	
			04 24 57.0 +27 11 54	04 24 57.0 +27 11 54	5.3 x 5.3	83.5	31.2 HDR	
			04 25 01.9 +27 05 10	04 24 52.4 +27 18 38	5.3 x 5.3	83.5	31.2 HDR	
			04 22 02.6 +26 57 36	04 22 02.6 +26 57 36	5.3 x 5.3	83.5	31.2 HDR	
			04 22 07.1 +26 50 44	04 21 57.8 +27 04 20	5.3 x 5.3	83.5	31.2 HDR	
			04 21 10.2 +27 01 39	04 21 10.2 +27 01 39	5.3 x 5.3	83.5	31.2 HDR	
			04 21 15.2 +26 55 02	04 21 05.4 +27 08 22	5.3 x 5.3	83.5	31.2 HDR	
			04 19 58.2 +27 09 58	04 19 58.2 +27 09 58	5.3 x 5.3	83.5	31.2 HDR	
			04 20 04.5 +27 03 09	04 19 53.4 +27 16 39	5.3 x 5.3	83.5	31.2 HDR	
			04 19 43.6 +27 13 30	04 19 43.6 +27 13 30	5.3 x 5.3	83.5	31.2 HDR	
			04 19 47.8 +27 06 59	04 19 38.8 +27 20 14	5.3 x 5.3	83.5	31.2 HDR	
			04 19 41.5 +27 49 48	04 19 41.5 +27 49 48	5.3 x 5.3	83.5	31.2 HDR	
			04 19 45.6 +27 43 04	04 19 36.8 +27 56 29	5.3 x 5.3	83.5	31.2 HDR	
			04 21 55.7 +27 55 03	04 21 55.7 +27 55 03	5.3 x 5.3	83.5	31.2 HDR	
			04 22 00.4 +27 48 17	04 21 51.0 +28 01 48	5.3 x 5.3	83.5	31.2 HDR	
			04 23 11.7 +28 05 59	04 23 11.7 +28 05 59	5.3 x 5.3	83.5	31.2 HDR	
			04 23 16.6 +27 59 14	04 23 07.1 +28 12 44	5.3 x 5.3	83.5	31.2 HDR	
			04 21 59.1 +28 18 13	04 21 59.1 +28 18 13	5.3 x 5.3	83.5	31.2 HDR	
			04 22 03.4 +28 11 27	04 21 54.4 +28 24 58	5.3 x 5.3	83.5	31.2 HDR	
			04 22 00.4 +28 26 04	04 22 00.4 +28 26 04	5.3 x 5.3	83.5	31.2 HDR	
			04 22 04.6 +28 19 26	04 21 55.8 +28 32 49	5.3 x 5.3	83.5	31.2 HDR	
3964160	37	2005 Feb 20	04 39 17.9 +22 20 58	04 39 17.9 +22 20 58	5.3 x 5.3	83.0	31.2 HDR	
			04 39 22.0 +22 14 23	04 39 13.3 +22 27 42	5.3 x 5.3	83.0	31.2 HDR	
			04 39 17.8 +22 47 45	04 39 17.8 +22 47 45	5.3 x 5.3	83.0	31.2 HDR	
			04 39 21.9 +22 41 19	04 39 13.3 +22 54 28	5.3 x 5.3	83.0	31.2 HDR	
			04 35 20.3 +22 32 10	04 35 20.3 +22 32 10	5.3 x 5.3	83.0	31.2 HDR	
			04 35 24.7 +22 25 31	04 35 15.6 +22 38 53	5.3 x 5.3	83.0	31.2 HDR	
			04 35 42.2 +22 34 09	04 35 42.2 +22 34 09	5.3 x 5.3	83.0	31.2 HDR	
			04 35 46.1 +22 27 28	04 35 37.4 +22 40 54	5.3 x 5.3	83.0	31.2 HDR	
			04 36 39.1 +22 58 10	04 36 39.1 +22 58 10	5.3 x 5.3	83.0	31.2 HDR	
			04 36 43.1 +22 51 30	04 36 34.6 +23 04 54	5.3 x 5.3	83.0	31.2 HDR	
			04 36 10.4 +22 59 56	04 36 10.4 +22 59 56	5.3 x 5.3	83.0	31.2 HDR	
			04 36 14.9 +22 53 10	04 36 05.8 +23 06 37	5.3 x 5.3	83.0	31.2 HDR	
			04 35 52.7 +22 54 21	04 35 52.7 +22 54 21	5.3 x 5.3	83.0	31.2 HDR	
			04 35 57.5 +22 47 37	04 35 48.1 +23 01 04	5.3 x 5.3	83.0	31.2 HDR	
			04 35 51.1 +22 49 09	04 35 51.1 +22 49 09	5.3 x 5.3	83.0	31.2 HDR	
			04 35 56.2 +22 42 31	04 35 46.6 +22 55 52	5.3 x 5.3	83.0	31.2 HDR	
			04 35 21.1 +22 54 23	04 35 21.1 +22 54 23	5.3 x 5.3	83.0	31.2 HDR	
			04 35 25.9 +22 47 44	04 35 16.4 +23 01 05	5.3 x 5.3	83.0	31.2 HDR	
			04 34 13.4 +22 51 13	04 34 13.4 +22 51 13	5.3 x 5.3	83.0	31.2 HDR	
			04 34 18.1 +22 44 27	04 34 08.6 +22 57 56	5.3 x 5.3	83.0	31.2 HDR	
			04 33 52.5 +22 50 36	04 33 52.5 +22 50 36	5.3 x 5.3	83.0	31.2 HDR	
			04 33 56.9 +22 43 43	04 33 47.6 +22 57 18	5.3 x 5.3	83.0	31.2 HDR	
			04 33 16.2 +22 53 23	04 33 16.2 +22 53 23	5.3 x 5.3	83.0	31.2 HDR	
			04 33 21.7 +22 46 31	04 33 11.6 +23 00 04	5.3 x 5.3	83.0	31.2 HDR	
			04 33 19.1 +22 46 36	04 33 19.1 +22 46 36	5.3 x 5.3	83.0	31.2 HDR	
			04 33 24.2 +22 39 46	04 33 14.5 +22 53 15	5.3 x 5.3	83.0	31.2 HDR	
			04 32 49.2 +22 53 01	04 32 49.2 +22 53 01	5.3 x 5.3	83.0	31.2 HDR	
			04 32 54.0 +22 46 13	04 32 45.7 +22 59 49	5.3 x 5.3	83.0	31.2 HDR	
			04 32 32.6 +22 57 23	04 32 32.6 +22 57 23	5.3 x 5.3	83.0	31.2 HDR	
			04 32 36.8 +22 50 51	04 32 27.9 +23 04 06	5.3 x 5.3	83.0	31.2 HDR	
3964416	37	2005 Feb 20	04 30 50.4 +22 59 57	04 30 50.4 +22 59 57	5.3 x 5.3	82.5	31.2 HDR	
			04 30 54.9 +22 53 31	04 30 45.4 +23 06 41	5.3 x 5.3	82.5	31.2 HDR	
			04 35 40.7 +24 11 05	04 35 40.7 +24 11 05	5.3 x 5.3	82.5	31.2 HDR	
			04 35 45.4 +24 04 28	04 35 36.2 +24 17 49	5.3 x 5.3	82.5	31.2 HDR	
			04 35 36.0 +24 08 12	04 35 36.0 +24 08 12	5.3 x 5.3	82.5	31.2 HDR	
			04 35 39.9 +24 01 44	04 35 31.5 +24 14 56	5.3 x 5.3	82.5	31.2 HDR	
			04 35 27.7 +24 14 57	04 35 27.7 +24 14 57	5.3 x 5.3	82.5	31.2 HDR	
			04 35 31.5 +24 08 18	04 35 23.2 +24 21 40	5.3 x 5.3	82.5	31.2 HDR	
			04 34 55.7 +24 29 00	04 34 55.7 +24 29 00	5.3 x 5.3	82.5	31.2 HDR	
			04 35 00.0 +24 22 11	04 34 51.2 +24 35 45	5.3 x 5.3	82.5	31.2 HDR	
			04 33 06.4 +24 09 30	04 33 06.4 +24 09 30	5.3 x 5.3	82.5	31.2 HDR	
			04 33 10.5 +24 02 52	04 33 01.8 +24 16 11	5.3 x 5.3	82.5	31.2 HDR	
			04 33 10.1 +24 33 43	04 33 10.1 +24 33 43	5.3 x 5.3	82.5	31.2 HDR	
			04 33 14.4 +24 26 57	04 33 05.6 +24 40 25	5.3 x 5.3	82.5	31.2 HDR	
			04 33 34.5 +24 21 03	04 33 34.5 +24 21 03	5.3 x 5.3	82.5	31.2 HDR	
			04 33 39.3 +24 14 19	04 33 30.1 +24 27 47	5.3 x 5.3	82.5	31.2 HDR	
			04 33 02.4 +24 21 06	04 33 02.4 +24 21 06	5.3 x 5.3	82.5	31.2 HDR	
			04 33 06.7 +24 14 13	04 32 57.9 +24 27 48	5.3 x 5.3	82.5	31.2 HDR	
			04 32 31.9 +24 19 58	04 32 31.9 +24 19 58	5.3 x 5.3	82.5	31.2 HDR	
			04 32 36.7 +24 13 15	04 32 27.5 +24 26 43	5.3 x 5.3	82.5	31.2 HDR	
			04 32 15.7 +24 28 58	04 32 15.7 +24 28 58	5.3 x 5.3	82.5	31.2 HDR	
			04 32 20.0 +24 22 18	04 32 11.0 +24 35 40	5.3 x 5.3	82.5	31.2 HDR	
			04 32 18.7 +24 22 26	04 32 18.7 +24 22 26	5.3 x 5.3	82.5	31.2 HDR	
			04 32 22.9 +24 15 44	04 32 14.2 +24 29 09	5.3 x 5.3	82.5	31.2 HDR	
			04 31 50.5 +24 24 19	04 31 50.5 +24 24 19	5.3 x 5.3	82.5	31.2 HDR	
			04 31 55.9 +24 17 31	04 31 45.9 +24 31 04	5.3 x 5.3	82.5	31.2 HDR	
			04 31 23.9 +24 10 49	04 31 23.9 +24 10 49	5.3 x 5.3	82.5	31.2 HDR	
			04 31 28.1 +24 04 11	04 31 19.2 +24 17 31	5.3 x 5.3	82.5	31.2 HDR	
			04 30 29.8 +24 26 43	04 30 29.8 +24 26 43	5.3 x 5.3	82.5	31.2 HDR	
			04 30 34.4 +24 19 55	04 30 25.1 +24 33 25	5.3 x 5.3	82.5	31.2 HDR	
3965952	37	2005 Feb 20	04 22 00.1 +19 32 02	04 22 00.1 +19 32 02	5.3 x 5.3	80.5	31.2 HDR	
			04 22 05.0 +19 25 33	04 21 54.5 +19 38 42	5.3 x 5.3	80.5	31.2 HDR	
			04 21 43.0 +19 34 14	04 21 43.0 +19 34 14	5.3 x 5.3	80.5	31.2 HDR	
			04 21 49.5 +19 27 29	04 21 37.5 +19 40 54	5.3 x 5.3	80.5	31.2 HDR	
3966976	37	2005 Feb 20	04 04 43.6 +26 18 52	04 04 43.6 +26 18 52	5.3 x 5.3	80.5	31.2 HDR	
			04 04 48.6 +26 12 23	04 04 37.8 +26 25 34	5.3 x 5.3	80.5	31.2 HDR	
			04 03 50.7 +26 10 56	04 03 50.7 +26 10 56	5.3 x 5.3	80.5	31.2 HDR	
			04 03 57.4 +26 04 10	04 03 44.9 +26 17 35	5.3 x 5.3	80.5	31.2 HDR	
			04 03 14.1 +25 52 58	04 03 14.1 +25 52 58	5.3 x 5.3	80.5	31.2 HDR	
			04 03 20.1 +25 46 23	04 03 08.2 +25 59 37	5.3 x 5.3	80.5	31.2 HDR	
4912896	94	2005 Feb 20	04 10 55.7 +25 05 43	04 10 50.1 +25 12 24	10.4 x 23.0	170.9	52 HDR	
11233024	3584	2005 Feb 20	04 28 07.7 +24 14 06	04 28 03.2 +24 20 49	34.2 x 184.2	172.8	10.4 HDR	
11233536	3584	2005 Feb 20	04 25 34.4 +24 09 36	04 25 29.4 +24 16 19	34.2 x 184.0	172.6	10.4 HDR	
11236864	3584	2005 Feb 20	04 28 07.7 +24 14 06	04 28 03.2 +24 20 49	34.2 x 184.2	172.8	10.4 HDR	
11237376	3584	2005 Feb 20	04 25 34.4 +24 09 36	04 25 29.4 +24 16 19	34.2 x 184.0	172.6	10.4 HDR	
11237632	3584	2005 Feb 20	04 19 22.5 +27 47 24	04 19 17.9 +27 54 11	63.3 x 82.5	172.4	10.4 HDR	
12663552	37	2005 Feb 20	04 57 48.9 +30 15 17	04 57 48.9 +30 15 17	5.3 x 5.3	88.0	31.2	
			04 57 51.2 +30 08 28	04 57 46.8 +30 22 04	5.3 x 5.3	88.0	31.2	
			04 55 52.7 +30 06 51	04 55 52.7 +30 06 51	5.3 x 5.3	88.0	31.2	
			04 55 55.8 +30 00 00	04 55 50.3 +30 13 39	5.3 x 5.3	88.0	31.2	
			04 55 45.3 +30 19 35	04 55 45.3 +30 19 35	5.3 x 5.3	88.0	31.2	
			04 55 48.1 +30 12 47	04 55 43.3 +30 26 19	5.3 x 5.3	88.0	31.2	
			04 55 48.7 +30 28 01	04 55 48.7 +30 28 01	5.3 x 5.3	88.0	31.2	
			04 55 50.2 +30 21 26	04 55 46.6 +30 34 46	5.3 x 5.3	88.0	31.2	
			04 55 23.5 +30 27 32	04 55 23.5 +30 27 32	5.3 x 5.3	88.0	31.2	
			04 55 25.4 +30 20 42	04 55 21.4 +30 34 21	5.3 x 5.3	88.0	31.2	
			04 55 40.7 +30 39 04	04 55 40.7 +30 39 04	5.3 x 5.3	88.0	31.2	
			04 55 42.9 +30 32 25	04 55 38.6 +30 45 50	5.3 x 5.3	88.0	31.2	
			04 55 56.8 +30 49 41	04 55 56.8 +30 49 41	5.3 x 5.3	88.0	31.2	
			04 55 58.7 +30 42 45	04 55 54.8 +30 56 29	5.3 x 5.3	88.0	31.2	
12914944	3584	2005 Feb 20	04 33 09.7 +28 56 14	04 33 05.8 +29 02 57	53.7 x 121.3	174.4	10.4 HDR	
12915712	3584	2005 Feb 20	04 33 09.7 +28 56 14	04 33 05.8 +29 02 57	53.7 x 121.3	174.4	10.4 HDR	
11231488	3584	2005 Feb 21	04 36 21.8 +24 05 29	04 36 18.2 +24 12 08	39.1 x 150.4	173.4	10.4 HDR	
11232000	3584	2005 Feb 21	04 33 15.1 +24 22 30	04 33 10.8 +24 29 15	39.0 x 184.2	173.0	10.4 HDR	
11233280	3584	2005 Feb 21	04 23 49.0 +27 07 42	04 23 43.6 +27 14 24	34.2 x 184.0	172.1	10.4 HDR	
11233792	3584	2005 Feb 21	04 19 22.5 +27 47 24	04 19 17.9 +27 54 11	63.3 x 82.5	172.4	10.4 HDR	
11235328	3584	2005 Feb 21	04 36 21.8 +24 05 29	04 36 18.2 +24 12 08	39.1 x 150.4	173.4	10.4 HDR	
11235840	3584	2005 Feb 21	04 33 15.1 +24 22 30	04 33 10.8 +24 29 15	39.0 x 184.2	173.0	10.4 HDR	
11237120	3584	2005 Feb 21	04 23 49.0 +27 07 42	04 23 43.6 +27 14 24	34.2 x 184.0	172.1	10.4 HDR	
3653376	6	2005 Feb 22	04 18 40.7 +28 16 42	04 18 35.9 +28 23 24	28.6 x 33.2	171.8	20.8 HDR	
3653632	6	2005 Feb 22	04 16 36.8 +28 14 27	04 16 31.7 +28 21 09	28.6 x 33.2	171.8	20.8 HDR	
5657600	173	2005 Feb 22	04 05 25.7 +21 50 40	04 05 32.3 +21 51 39	5.6 x 5.6	80.0	20.8 HDR	
			04 05 38.2 +21 44 57	04 05 19.6 +21 57 21	5.6 x 5.6	80.0	20.8 HDR	
11230720	3584	2005 Feb 22	04 39 18.8 +24 31 41	04 39 14.7 +24 38 23	48.7 x 121.4	173.3	10.4 HDR	
11231232	3584	2005 Feb 22	04 35 07.1 +26 34 29	04 35 02.8 +26 41 11	39.1 x 155.1	173.2	10.4 HDR	
11232768	3584	2005 Feb 22	04 26 25.5 +27 12 14	04 26 20.6 +27 18 54	34.2 x 184.2	172.4	10.4 HDR	
11234560	3584	2005 Feb 22	04 39 18.8 +24 31 41	04 39 14.7 +24 38 23	48.7 x 121.4	173.3	10.4 HDR	
11235072	3584	2005 Feb 22	04 35 07.1 +26 34 29	04 35 02.8 +26 41 11	39.1 x 155.1	173.2	10.4 HDR	
11236608	3584	2005 Feb 22	04 26 25.5 +27 12 14	04 26 20.6 +27 18 54	34.2 x 184.2	172.4	10.4 HDR	
3964672	37	2005 Feb 23	04 30 51.5 +24 42 20	04 30 51.5 +24 42 20	5.3 x 5.3	82.0	31.2 HDR	
			04 30 56.4 +24 35 42	04 30 46.9 +24 49 03	5.3 x 5.3	82.0	31.2 HDR	
			04 29 07.5 +24 43 49	04 29 07.5 +24 43 49	5.3 x 5.3	82.0	31.2 HDR	
			04 29 13.2 +24 37 01	04 29 02.8 +24 50 32	5.3 x 5.3	82.0	31.2 HDR	
			04 29 24.4 +24 32 56	04 29 24.4 +24 32 56	5.3 x 5.3	82.0	31.2 HDR	
			04 29 28.4 +24 26 24	04 29 19.6 +24 39 38	5.3 x 5.3	82.0	31.2 HDR	
			04 26 56.4 +24 43 34	04 26 56.4 +24 43 34	5.3 x 5.3	82.0	31.2 HDR	
			04 27 01.2 +24 36 47	04 26 51.6 +24 50 16	5.3 x 5.3	82.0	31.2 HDR	
			04 23 39.3 +24 56 13	04 23 39.3 +24 56 13	5.3 x 5.3	82.0	31.2 HDR	
			04 23 44.5 +24 49 27	04 23 34.3 +25 02 55	5.3 x 5.3	82.0	31.2 HDR	
11230208	3584	2005 Feb 23	04 47 59.0 +24 58 48	04 47 55.6 +25 05 32	63.3 x 174.3	174.6	10.4 HDR	
11230464	3584	2005 Feb 23	04 43 18.2 +25 07 31	04 43 14.5 +25 14 13	58.5 x 174.4	174.0	10.4 HDR	
11230976	3584	2005 Feb 23	04 38 21.2 +26 30 59	04 38 17.1 +26 37 42	48.7 x 121.3	173.1	10.4 HDR	
11232256	3584	2005 Feb 23	04 29 01.8 +27 16 37	04 28 57.2 +27 23 25	34.2 x 189.0	172.6	10.4 HDR	
11234304	3584	2005 Feb 23	04 43 18.2 +25 07 31	04 43 14.5 +25 14 13	58.5 x 174.4	174.0	10.4 HDR	
11234816	3584	2005 Feb 23	04 38 21.2 +26 30 59	04 38 17.1 +26 37 42	48.7 x 121.3	173.1	10.4 HDR	
11231744	3584	2005 Feb 24	04 31 39.4 +27 20 58	04 31 34.8 +27 27 43	39.1 x 198.8	172.6	10.4 HDR	
11232512	3584	2005 Feb 24	04 30 43.1 +24 18 04	04 30 38.4 +24 24 47	34.4 x 184.2	172.9	10.4 HDR	
11234048	3584	2005 Feb 24	04 47 59.0 +24 58 48	04 47 55.6 +25 05 32	63.3 x 174.3	174.6	10.4 HDR	
11235584	3584	2005 Feb 24	04 31 39.4 +27 20 58	04 31 34.8 +27 27 43	39.1 x 198.8	172.6	10.4 HDR	
11236096	3584	2005 Feb 24	04 29 01.8 +27 16 37	04 28 57.2 +27 23 25	34.2 x 189.0	172.6	10.4 HDR	
11236352	3584	2005 Feb 24	04 30 43.1 +24 18 04	04 30 38.4 +24 24 47	34.4 x 184.2	172.9	10.4 HDR	
14604544	20386	2005 Sep 16	04 23 36.8 +26 40 12	04 23 36.8 +26 40 12	5.3 x 5.3	81.0	214.4 HDR	
			04 23 31.1 +26 46 51	04 23 42.3 +26 33 31	5.3 x 5.3	81.0	214.4 HDR	
14604800	20386	2005 Sep 17	04 23 36.8 +26 40 12	04 23 36.8 +26 40 12	5.3 x 5.3	81.0	214.4 HDR	
			04 23 31.1 +26 46 51	04 23 42.3 +26 33 31	5.3 x 5.3	81.0	214.4 HDR	
14617856	20386	2005 Sep 17	04 21 56.7 +15 29 54	04 21 56.7 +15 29 54	5.3 x 5.3	82.0	214.4 HDR	
			04 21 52.0 +15 36 33	04 22 01.4 +15 23 09	5.3 x 5.3	82.0	214.4 HDR	
14618112	20386	2005 Sep 17	04 21 56.7 +15 29 54	04 21 56.7 +15 29 54	5.3 x 5.3	82.0	214.4 HDR	
			04 21 52.0 +15 36 33	04 22 01.4 +15 23 09	5.3 x 5.3	82.0	214.4 HDR	
15123456	20762	2006 Mar 23	04 31 10.0 +18 12 36	04 31 10.0 +18 12 36	5.5 x 5.5	82.7	241.2	
			04 31 14.5 +18 05 57	04 31 05.7 +18 19 19	5.5 x 5.5	82.7	241.2	
14605568	20386	2006 Mar 24	04 28 39.2 +26 51 39	04 28 39.2 +26 51 39	5.3 x 5.3	81.5	214.4 HDR	
			04 28 44.6 +26 45 01	04 28 33.8 +26 58 22	5.3 x 5.3	81.5	214.4 HDR	
14609920	20386	2006 Mar 24	04 29 21.3 +26 14 25	04 29 21.3 +26 14 25	5.3 x 5.3	81.5	214.4 HDR	
			04 29 26.5 +26 07 46	04 29 16.0 +26 21 07	5.3 x 5.3	81.5	214.4 HDR	
14511616	20302	2006 Mar 25	04 35 09.5 +24 05 44	04 35 04.7 +24 12 28	20.3 x 32.6	172.7	72.8	
14605824	20386	2006 Mar 25	04 28 39.2 +26 51 39	04 28 39.2 +26 51 39	5.3 x 5.3	81.5	214.4 HDR	
			04 28 44.6 +26 45 01	04 28 33.8 +26 58 22	5.3 x 5.3	81.5	214.4 HDR	
14610176	20386	2006 Mar 25	04 29 21.3 +26 14 25	04 29 21.3 +26 14 25	5.3 x 5.3	81.5	214.4 HDR	
			04 29 26.5 +26 07 46	04 29 16.0 +26 21 07	5.3 x 5.3	81.5	214.4 HDR	
14611968	20386	2006 Mar 25	04 32 49.0 +24 25 18	04 32 49.0 +24 25 18	5.3 x 5.3	82.4	214.4 HDR	
			04 32 53.8 +24 18 35	04 32 44.0 +24 31 59	5.3 x 5.3	82.4	214.4 HDR	
14612224	20386	2006 Mar 26	04 32 49.0 +24 25 18	04 32 49.0 +24 25 18	5.3 x 5.3	82.4	214.4 HDR	
			04 32 53.8 +24 18 35	04 32 44.0 +24 31 59	5.3 x 5.3	82.4	214.4 HDR	
14610432	20386	2006 Mar 29	05 04 16.8 +25 10 53	05 04 16.8 +25 10 53	5.3 x 5.3	85.5	214.4 HDR	
			05 04 20.1 +25 04 09	05 04 13.6 +25 17 40	5.3 x 5.3	85.5	214.4 HDR	
14610688	20386	2006 Mar 29	05 04 16.8 +25 10 53	05 04 16.8 +25 10 53	5.3 x 5.3	85.5	214.4 HDR	
			05 04 20.1 +25 04 09	05 04 13.6 +25 17 40	5.3 x 5.3	85.5	214.4 HDR	
18365440	30540	2006 Sep 28	04 22 16.0 +25 49 13	04 22 16.0 +25 49 13	5.5 x 5.5	81.0	52	
			04 22 10.5 +25 55 49	04 22 21.6 +25 42 33	5.5 x 5.5	81.0	52	
18365696	30540	2006 Sep 28	04 15 23.7 +29 10 46	04 15 23.7 +29 10 46	5.5 x 5.5	79.5	134	
			04 15 17.3 +29 17 19	04 15 30.1 +29 04 05	5.5 x 5.5	79.5	134	
18363648	30540	2006 Oct 26	04 57 48.5 +30 15 20	04 57 48.5 +30 15 20	5.5 x 5.5	81.5	134	
			04 57 43.3 +30 22 00	04 57 53.9 +30 08 40	5.5 x 5.5	81.5	134	
18365952	30540	2006 Oct 26	04 48 41.5 +17 03 41	04 48 41.5 +17 03 41	5.5 x 5.5	87.5	134	
			04 48 39.5 +17 10 22	04 48 43.5 +16 56 50	5.5 x 5.5	87.5	134	
18363904	30540	2007 Mar 28	04 26 30.8 +24 43 59	04 26 30.8 +24 43 59	5.5 x 5.5	81.5	134	
			04 26 36.1 +24 37 18	04 26 25.8 +24 50 36	5.5 x 5.5	81.5	134	
18364160	30540	2007 Mar 28	04 41 45.2 +23 01 50	04 41 45.2 +23 01 50	5.5 x 5.5	83.3	134	
			04 41 49.5 +22 55 13	04 41 40.9 +23 08 36	5.5 x 5.5	83.3	134	
18364416	30540	2007 Mar 28	04 21 54.9 +26 52 34	04 21 54.9 +26 52 34	5.5 x 5.5	81.0	134	
			04 22 00.5 +26 45 56	04 21 49.3 +26 59 12	5.5 x 5.5	81.0	134	
18364672	30540	2007 Mar 28	04 36 10.7 +21 59 36	04 36 10.7 +21 59 36	5.5 x 5.5	82.5	134	
			04 36 15.2 +21 52 57	04 36 06.2 +22 06 18	5.5 x 5.5	82.5	134	
18364928	30540	2007 Mar 28	04 14 33.5 +30 33 41	04 14 33.5 +30 33 41	5.5 x 5.5	80.0	134	
			04 14 39.8 +30 27 08	04 14 27.0 +30 40 20	5.5 x 5.5	80.0	134	
19030528	30816	2007 Mar 28	04 18 49.9 +25 02 50	04 18 43.8 +25 09 31	36.7 x 185.0	170.3	10.4 HDR	
18365184	30540	2007 Mar 29	04 22 13.7 +19 34 42	04 22 13.7 +19 34 42	5.5 x 5.5	81.5	52	
			04 22 18.7 +19 28 03	04 22 08.8 +19 41 22	5.5 x 5.5	81.5	52	
18366208	30540	2007 Mar 29	04 55 23.7 +30 27 38	04 55 23.7 +30 27 38	5.5 x 5.5	85.0	52	
			04 55 27.3 +30 20 56	04 55 20.1 +30 34 23	5.5 x 5.5	85.0	52	
18366464	30540	2007 Mar 29	04 33 09.9 +22 46 49	04 33 09.9 +22 46 49	5.5 x 5.5	82.5	52	
			04 33 14.4 +22 40 12	04 33 05.1 +22 53 33	5.5 x 5.5	82.5	52	
19027712	30816	2007 Mar 29	04 19 08.8 +29 07 47	04 19 02.9 +29 14 26	51.2 x 80.2	170.2	10.4 HDR	
19027968	30816	2007 Mar 29	04 19 08.8 +29 07 47	04 19 02.9 +29 14 26	51.2 x 80.2	170.2	10.4 HDR	
19028736	30816	2007 Mar 29	04 23 03.9 +23 34 20	04 22 58.6 +23 41 01	51.2 x 118.3	170.9	10.4 HDR	
19030784	30816	2007 Mar 29	04 13 46.3 +28 11 03	04 13 39.8 +28 17 42	36.7 x 186.7	169.9	10.4 HDR	
19031040	30816	2007 Mar 29	04 16 05.7 +25 12 53	04 16 00.0 +25 19 34	36.7 x 185.0	170.2	10.4 HDR	
19034112	30816	2007 Mar 29	04 18 49.9 +25 02 50	04 18 43.8 +25 09 31	36.7 x 185.0	170.3	10.4 HDR	
19034368	30816	2007 Mar 29	04 13 46.3 +28 11 03	04 13 39.8 +28 17 42	36.7 x 186.7	169.9	10.4 HDR	
19028224	30816	2007 Mar 30	04 21 42.1 +25 32 21	04 21 36.6 +25 39 01	51.2 x 117.3	170.8	10.4 HDR	
19028480	30816	2007 Mar 30	04 21 42.1 +25 32 21	04 21 36.6 +25 39 01	51.2 x 117.3	170.8	10.4 HDR	
19028992	30816	2007 Mar 30	04 23 03.9 +23 34 20	04 22 58.6 +23 41 01	51.2 x 118.3	170.9	10.4 HDR	
19030272	30816	2007 Mar 30	04 16 35.2 +28 01 08	04 16 28.8 +28 07 50	36.7 x 186.7	169.9	10.4 HDR	
19034624	30816	2007 Mar 30	04 16 05.7 +25 12 53	04 16 00.0 +25 19 34	36.7 x 185.0	170.2	10.4 HDR	
19033856	30816	2007 Mar 31	04 16 35.2 +28 01 08	04 16 28.8 +28 07 50	36.7 x 186.7	169.9	10.4 HDR	
19032576	30816	2007 Apr 2	04 35 36.6 +22 14 56	04 35 32.2 +22 21 40	94.7 x 109.3	82.2	10.4 HDR	
19036160	30816	2007 Apr 3	04 35 36.6 +22 14 56	04 35 32.2 +22 21 40	94.7 x 109.3	82.2	10.4 HDR	
21916416	40302	2007 Oct 16	04 20 24.9 +27 00 38	04 20 24.9 +27 00 38	5.5 x 5.5	79.5	52	
			04 20 18.8 +27 07 13	04 20 31.3 +26 53 58	5.5 x 5.5	79.5	52	
24242688	462	2007 Oct 16	04 22 16.8 +24 33 25	04 22 22.4 +24 26 44	5.2 x 51.0	81.0	20.8 HDR	
24243200	462	2007 Oct 16	04 20 42.5 +26 55 59	04 20 49.0 +26 49 22	56.0 x 56.0	79.9	10.4 HDR	
24243456	462	2007 Oct 16	04 20 42.5 +26 55 59	04 20 49.0 +26 49 22	56.0 x 56.0	79.9	10.4 HDR	
24243712	462	2007 Oct 16	04 45 27.0 +25 13 43	04 45 31.3 +25 07 00	5.2 x 162.4	173.0	20.8 HDR	
24243968	462	2007 Oct 16	04 41 13.5 +24 33 10	04 41 18.1 +24 26 27	5.2 x 87.3	172.8	20.8 HDR	
24244224	462	2007 Oct 16	04 40 33.0 +26 00 09	04 40 37.7 +25 53 27	5.2 x 87.3	172.3	20.8 HDR	
24244480	462	2007 Oct 16	04 34 10.9 +28 07 23	04 34 16.4 +28 00 42	10.0 x 41.4	80.9	20.8 HDR	
24244736	462	2007 Oct 16	04 34 39.0 +24 29 25	04 34 44.0 +24 22 43	5.2 x 152.7	172.0	20.8 HDR	
24244992	462	2007 Oct 16	04 33 22.5 +26 55 39	04 33 27.8 +26 48 58	5.2 x 152.7	171.2	20.8 HDR	
24245248	462	2007 Oct 16	04 29 17.2 +24 27 51	04 29 22.5 +24 21 10	5.2 x 181.7	171.4	20.8 HDR	
24245504	462	2007 Oct 16	04 27 39.0 +27 20 10	04 27 44.8 +27 13 30	5.2 x 181.7	170.4	20.8 HDR	
24245760	462	2007 Oct 16	04 26 41.6 +24 24 58	04 26 47.0 +24 18 17	5.2 x 181.7	171.1	20.8 HDR	
24246016	462	2007 Oct 16	04 24 57.8 +27 22 29	04 25 04.0 +27 15 49	5.2 x 181.7	170.0	20.8 HDR	
24246272	462	2007 Oct 16	04 21 57.7 +27 39 52	04 22 04.0 +27 33 11	5.2 x 46.2	169.7	20.8 HDR	
24246528	462	2007 Oct 16	04 21 32.2 +28 24 39	04 21 38.8 +28 18 00	5.2 x 46.2	169.3	20.8 HDR	
24246784	462	2007 Oct 16	04 34 18.8 +27 53 56	04 34 24.4 +27 47 14	10.0 x 41.4	81.1	20.8 HDR	
24242944	462	2007 Oct 23	04 22 07.1 +24 47 19	04 22 12.9 +24 40 38	5.2 x 51.0	80.5	20.8 HDR	
26472448	50584	2008 Oct 31	04 16 27.1 +20 52 57	04 16 27.1 +20 52 57	6.0 x 6.0	81.3	41.6 HDR	
			04 16 23.9 +20 59 57	04 16 32.3 +20 46 20	6.0 x 6.0	81.3	41.6 HDR	
26475008	50584	2008 Oct 31	04 27 07.2 +22 14 55	04 27 07.2 +22 14 55	6.0 x 6.0	82.0	41.6 HDR	
			04 27 00.0 +22 21 55	04 27 12.4 +22 08 10	6.0 x 6.0	82.0	41.6 HDR	
			04 26 44.9 +21 31 52	04 26 44.9 +21 31 52	6.0 x 6.0	82.0	41.6 HDR	
			04 27 12.4 +22 08 10	04 26 49.6 +21 25 10	6.0 x 6.0	82.0	41.6 HDR	
26476800	50584	2008 Oct 31	05 02 37.4 +21 54 18	05 02 37.4 +21 54 18	6.0 x 6.0	86.0	41.6 HDR	
			05 02 36.6 +22 00 56	05 02 40.5 +21 47 28	6.0 x 6.0	86.0	41.6 HDR	
			05 06 46.5 +21 04 20	05 06 46.5 +21 04 20	6.0 x 6.0	86.0	41.6 HDR	
			05 06 41.6 +21 11 39	05 06 49.4 +20 57 24	6.0 x 6.0	86.0	41.6 HDR	
26476544	50584	2008 Nov 1	04 55 45.1 +30 36 10	04 55 49.7 +30 29 38	18.0 x 9.5	82.5	41.6 HDR	
26472960	50584	2008 Nov 2	04 16 55.8 +31 40 49	04 16 55.8 +31 40 49	6.0 x 6.0	77.0	41.6 HDR	
			04 16 47.4 +31 47 10	04 17 04.2 +31 34 16	6.0 x 6.0	77.0	41.6 HDR	
			04 24 27.7 +31 03 40	04 24 27.7 +31 03 40	6.0 x 6.0	77.0	41.6 HDR	
			04 24 21.2 +31 10 09	04 24 35.5 +30 57 08	6.0 x 6.0	77.0	41.6 HDR	
			04 21 17.3 +30 51 50	04 21 17.3 +30 51 50	6.0 x 6.0	77.0	41.6 HDR	
			04 24 35.5 +30 57 08	04 21 25.1 +30 45 23	6.0 x 6.0	77.0	41.6 HDR	
			04 16 30.5 +30 37 15	04 16 30.5 +30 37 15	6.0 x 6.0	77.0	41.6 HDR	
			04 21 25.1 +30 45 23	04 16 38.3 +30 30 42	6.0 x 6.0	77.0	41.6 HDR	
26475520	50584	2008 Nov 2	04 40 53.4 +20 55 44	04 40 53.4 +20 55 44	6.0 x 6.0	84.0	41.6 HDR	
			04 40 51.6 +21 02 39	04 40 57.0 +20 49 04	6.0 x 6.0	84.0	41.6 HDR	
Notes.
a Position angle of the long axis of the map.
b Total exposure time for each position and filter. "HDR" indicates that 0.4 s exposures were also obtained.
