source            ra          dec       lbol tbol class intflux_alma_mJy  e_intflux_alma_mJy intflux_vla_mJy e_intflux_vla_mJy decon_bmaj_alma_arcsec decon_bmin_alma_arcsec decon_pa_alma_deg e_decon_bmaj_alma_arcsec e_decon_bmin_alma_arcsec e_decon_pa_alma_deg decon_bmaj_vla_arcsec decon_bmin_vla_arcsec decon_pa_vla_deg e_decon_bmaj_vla_arcsec e_decon_bmin_vla_arcsec e_decon_pa_vla_deg mass_alma_mearth e_mass_alma_mearth mass_vla_mearth e_mass_vla_mearth distance_pc
HOPS-153   05:37:57.023 -07:06:56.27 3.8 39.4 0    148.10 3.00 0.6380  0.0240  0.39 0.10 32.4 0.0090 0.0030 0.5 0.14 0.05 34.1 0.0070 0.0050 2.4  103.360 2.092  612.089 23.025  387.9

HH270VLA1-A 05:51:34.587 +02:56:46.01 7.3 32.0 0    18.90 0.68 0.2430  0.0190  0.08 0.03 143.9 0.0080 0.0120 6.7 0.08 0.03 143.0 0.0110 0.0100 9.2  13.439 0.482  242.354 18.949  430.1
HH270VLA1-C 05:51:34.595 +02:56:45.89 7.3 32.0 0    -99.00 -99.00 0.5300  0.0290  -99.00 -99.00 -99.0 -99.0000 0.0000 0.0 0.11 0.09 50.3 0.0090 0.0110 22.9  -329999.670 -329999.670  528.591 28.923  430.1
HH270VLA1-B 05:51:34.600 +02:56:45.88 7.3 32.0 0    17.71 0.73 0.0880  0.0060  0.10 0.04 141.2 0.0080 0.0090 5.6 0.00 0.00 0.0 0.0000 0.0000 0.0  12.593 0.516  87.766 5.984  430.1
HH270mms1-B 05:51:22.632 +02:56:06.80 7.7 72.0 I    9.57 2.56 0.0249  0.0249  0.08 0.07 2.7 0.0550 0.0340 68.6 -99.00 -99.00 -99.0 -99.0000 -99.0000 3.3  5.965 1.594  21.795 21.795  405.7
HH270mms1-A 05:51:22.717 +02:56:04.98 7.7 72.0 I    258.94 5.25 0.9070  0.0250  0.27 0.14 87.4 0.0060 0.0040 1.5 0.09 0.06 98.6 0.0040 0.0040 5.7  161.331 3.270  793.912 21.883  405.7
HH270mms2  05:51:22.572 +02:55:43.16 4.6 249.0 Flat 75.44 2.17 0.0240  0.0240  0.25 0.20 47.3 0.0080 0.0080 7.3 -99.00 -99.00 -99.0 -99.0000 -99.0000 3.3  56.684 1.630  24.937 24.937  413.3
HH111MMS-B 05:51:46.066 +02:48:30.80 22.0 78.0 I    25.44 4.56 0.1720  0.0160  0.07 0.04 146.2 0.0420 0.0280 42.0 0.04 0.02 82.0 0.0160 0.0200 52.3  12.168 2.183  118.528 11.026  410.6
HH111MMS-A 05:51:46.253 +02:48:29.65 22.0 78.0 I    694.09 15.68 2.1830  0.0320  0.55 0.17 7.6 0.0130 0.0040 0.6 0.13 0.09 7.5 0.0030 0.0030 3.3  331.977 7.500  1504.342 22.052  410.6
HOPS-367   05:54:36.287 +01:53:54.06 0.0 249.4 I    1.01 0.21 -99.0000  -99.0000  0.00 0.00 0.0 0.0000 0.0000 0.0 -99.00 -99.00 -99.0 -99.0000 0.0000 0.0  2.755 0.584  -329999.670 -329999.670  354.9
HOPS-7     05:54:20.057 +01:50:42.64 0.4 58.0 0    44.49 1.21 0.1220  0.0190  0.26 0.07 154.8 0.0080 0.0040 0.8 0.07 0.06 149.5 0.0280 0.0360 88.3  52.395 1.429  177.820 27.693  357.1
HOPS-6     \nodata \nodata 0.0 112.5 I    0.67 0.67 -99.0000  -99.0000  -99.00 -99.00 -99.0 -99.0000 -99.0000 0.0 -99.00 -99.00 -99.0 -99.0000 0.0000 0.0  1.719 1.719  -329999.670 -329999.670  357.0
HOPS-5     05:54:32.163 +01:48:07.08 0.3 187.1 I    44.43 1.17 -99.0000  -99.0000  0.19 0.09 12.6 0.0060 0.0040 1.9 -99.00 -99.00 -99.0 -99.0000 0.0000 0.0  57.117 1.507  -329999.670 -329999.670  354.6
HOPS-4     05:54:53.789 +01:47:09.70 0.3 203.3 I    4.30 0.59 -99.0000  -99.0000  0.12 0.08 12.6 0.0320 0.0420 26.8 -99.00 -99.00 -99.0 -99.0000 0.0000 0.0  5.333 0.736  -329999.670 -329999.670  351.6
HOPS-354   05:54:24.262 +01:44:19.91 4.7 34.8 0    54.97 1.08 1.8980  0.0170  0.08 0.07 158.6 0.0040 0.0050 14.3 0.08 0.03 61.3 0.0020 0.0020 1.5  30.256 0.594  1446.225 12.954  355.4
HOPS-3     05:54:56.963 +01:42:56.23 0.4 467.5 Flat 39.49 1.46 -99.0000  -99.0000  0.41 0.09 36.8 0.0170 0.0060 0.8 -99.00 -99.00 -99.0 -99.0000 0.0000 0.0  44.761 1.650  -329999.670 -329999.670  351.0
HOPS-2     05:54:09.137 +01:42:51.70 0.4 356.5 I    8.95 0.52 -99.0000  -99.0000  0.07 0.04 162.4 0.0120 0.0180 24.6 -99.00 -99.00 -99.0 -99.0000 0.0000 0.0  10.473 0.608  -329999.670 -329999.670  357.4
HOPS-1     05:54:12.347 +01:42:35.48 1.1 72.6 I    14.09 0.53 0.1470  0.0160  0.06 0.03 2.5 0.0090 0.0170 15.6 0.00 0.00 0.0 0.0650 0.0230 0.0  11.972 0.451  163.538 17.800  356.9
HOPS-346   \nodata \nodata 0.3 649.5 Flat 0.67 6.69 -99.0000  -99.0000  -99.00 -99.00 -99.0 -99.0000 -99.0000 0.0 -99.00 -99.00 -99.0 -99.0000 0.0000 0.0  1.264 12.642  -329999.670 -329999.670  430.6
2MJ05474500+0038418-A 05:47:44.999 +00:38:41.89 -99.0 -99.0 \nodata -99.00 -99.00 0.8520  0.0230  -99.00 -99.00 -99.0 -99.0000 0.0000 0.0 0.09 0.06 58.8 0.0050 0.0030 5.9  -329999.670 -329999.670  1410.212 38.069  430.3
2MJ05474500+0038418-B 05:47:44.960 +00:38:41.82 -99.0 -99.0 \nodata -99.00 -99.00 0.1070  0.0090  -99.00 -99.00 -99.0 -99.0000 0.0000 0.0 0.00 0.00 0.0 0.0000 0.0000 0.0  -329999.670 -329999.670  177.104 14.897  430.3
HOPS-345   05:47:38.966 +00:38:36.21 0.5 219.4 I    68.33 1.90 -99.0000  -99.0000  0.34 0.13 81.8 0.0100 0.0050 1.1 -99.00 -99.00 -99.0 -99.0000 0.0000 0.0  107.900 3.007  -329999.670 -329999.670  430.7
HOPS-406   05:47:43.434 +00:38:21.31 0.5 24.6 0    15.47 0.69 0.0410  0.0090  0.14 0.11 64.2 0.0110 0.0120 17.2 0.00 0.00 0.0 0.0000 0.0000 0.0  24.324 1.091  81.048 17.791  430.3
HOPS-344   05:47:24.735 +00:37:34.83 0.1 408.2 I    5.92 0.89 -99.0000  -99.0000  0.38 0.04 66.3 0.0630 0.0340 3.3 -99.00 -99.00 -99.0 -99.0000 0.0000 0.0  15.947 2.388  -329999.670 -329999.670  431.4
HOPS-343   05:47:59.041 +00:35:32.83 4.1 82.1 I    6.88 0.72 0.0830  0.0160  0.15 0.11 120.8 0.0230 0.0190 32.6 0.09 0.07 2.9 0.0000 0.0000 0.0  5.715 0.594  94.960 18.306  427.6
HOPS-342   05:47:57.108 +00:35:27.12 0.3 312.6 I    1.33 0.21 0.0314  0.0314  0.00 0.00 0.0 0.0000 0.0000 0.0 -99.00 -99.00 -99.0 -99.0000 -99.0000 3.3  2.334 0.374  67.492 67.492  427.8
HOPS-404   05:48:07.714 +00:33:51.83 1.0 26.1 0    306.36 6.16 2.6610  0.0370  0.16 0.16 144.2 0.0060 0.0050 78.5 0.13 0.12 64.8 0.0030 0.0030 11.3  388.965 7.820  4403.747 61.232  430.1
HOPS-340   05:47:01.311 +00:26:23.04 1.9 40.6 0    57.35 0.95 0.3930  0.0210  0.11 0.07 99.7 0.0030 0.0030 2.8 0.06 0.05 86.8 0.0080 0.0140 62.8  59.870 0.992  550.555 29.419  430.9
HOPS-341   05:47:00.914 +00:26:21.49 2.2 39.4 0    27.97 1.06 0.1360  0.0190  0.15 0.09 145.8 0.0080 0.0060 4.4 0.08 0.00 172.5 0.0260 0.0260 20.4  28.264 1.068  185.235 25.878  430.9
HOPS-338-B 05:46:57.302 +00:23:57.97 0.2 53.7 0    46.14 1.20 0.1790  0.0410  0.42 0.08 9.1 0.0120 0.0050 0.6 0.26 0.12 2.9 0.0670 0.0410 16.4  93.874 2.436  435.181 99.678  430.7
HOPS-338-A 05:46:57.356 +00:23:50.43 0.2 53.7 0    9.34 0.51 0.0237  0.0237  0.07 0.04 15.6 0.0130 0.0180 42.0 -99.00 -99.00 -99.0 -99.0000 -99.0000 3.3  19.010 1.030  57.619 57.619  430.7
HOPS-337   05:46:55.092 +00:23:34.55 0.9 128.8 I    30.44 0.76 0.1470  0.0080  0.09 0.05 45.6 0.0040 0.0070 7.2 0.03 0.02 145.4 0.0000 0.0000 0.0  39.507 0.989  247.922 13.492  430.7
HOPS-336   05:46:02.278 +00:23:30.60 0.0 164.6 I    1.12 0.22 -99.0000  -99.0000  0.00 0.00 0.0 0.0000 0.0000 0.0 -99.00 -99.00 -99.0 -99.0000 0.0000 0.0  4.758 0.918  -329999.670 -329999.670  430.5
HOPS-393   05:46:42.485 +00:23:01.13 0.1 250.5 I    4.96 0.62 -99.0000  -99.0000  0.15 0.05 32.8 0.0240 0.0310 15.1 -99.00 -99.00 -99.0 -99.0000 0.0000 0.0  14.883 1.868  -329999.670 -329999.670  430.7
HOPS-335   \nodata \nodata 0.5 81.1 I    0.68 0.68 -99.0000  -99.0000  -99.00 -99.00 -99.0 -99.0000 -99.0000 0.0 -99.00 -99.00 -99.0 -99.0000 0.0000 0.0  1.092 1.092  -329999.670 -329999.670  430.5
HOPS-366-B 05:47:04.009 +00:22:10.45 6.8 292.2 I    16.94 0.84 0.1160  0.0080  0.06 0.03 62.6 0.0130 0.0190 30.3 0.00 0.00 0.0 0.0000 0.0000 0.0  12.340 0.610  118.280 8.157  430.5
HOPS-366-A 05:47:04.003 +00:22:10.33 6.8 292.2 I    38.37 0.85 0.5150  0.0240  0.06 0.04 67.2 0.0060 0.0090 17.1 0.09 0.06 162.0 0.0090 0.0110 12.8  27.954 0.620  525.122 24.472  430.5
HOPS-361-H 05:47:05.125 +00:22:01.46 503.1 69.0 0    -99.00 -99.00 0.2760  0.0220  -99.00 -99.00 -99.0 -99.0000 0.0000 0.0 0.08 0.06 18.0 0.0150 0.0110 38.8  -329999.670 -329999.670  95.101 7.581  430.4
HOPS-361-G-A 05:47:05.367 +00:21:50.53 503.1 69.0 0    31.59 1.24 0.4630  0.0230  0.00 0.00 0.0 0.0000 0.0000 0.0 0.09 0.06 44.3 0.0100 0.0080 14.2  7.219 0.284  159.535 7.925  430.4
HOPS-361-G-B 05:47:05.451 +00:21:50.08 503.1 69.0 0    18.99 1.24 0.2850  0.0200  0.00 0.00 0.0 0.0000 0.0000 0.0 0.07 0.04 13.3 0.0150 0.0110 29.8  4.339 0.284  98.202 6.891  430.4
HOPS-361-C-B 05:47:04.625 +00:21:47.88 503.1 69.0 0    -99.00 -99.00 0.3780  0.0080  -99.00 -99.00 -99.0 -99.0000 0.0000 0.0 0.00 0.00 0.0 0.0000 0.0000 0.0  -329999.670 -329999.670  130.247 2.757  430.4
HOPS-361-C 05:47:04.631 +00:21:47.85 503.1 69.0 0    883.40 9.15 2.2070  0.0240  0.47 0.19 130.1 0.0050 0.0020 0.4 0.14 0.04 6.7 0.0020 0.0010 0.6  201.902 2.092  760.463 8.270  430.4
HOPS-361-B 05:47:04.755 +00:21:45.45 503.1 69.0 0    94.38 2.56 1.7560  0.0200  0.06 0.05 174.4 0.0080 0.0110 38.5 0.07 0.04 55.5 0.0020 0.0020 2.8  21.571 0.584  605.063 6.891  430.4
HOPS-361-A 05:47:04.783 +00:21:42.86 503.1 69.0 0    606.35 6.28 5.4460  0.0260  0.26 0.15 14.4 0.0030 0.0020 0.8 0.10 0.07 64.4 0.0010 0.0010 1.5  138.582 1.435  1876.521 8.959  430.4
HOPS-361-E 05:47:04.624 +00:21:41.30 503.1 69.0 0    29.41 4.23 0.1460  0.0200  0.15 0.11 111.9 0.0300 0.0290 78.3 0.00 0.00 0.0 0.1090 0.0430 0.0  6.721 0.966  50.307 6.891  430.4
HOPS-361-F 05:47:04.967 +00:21:40.74 503.1 69.0 0    6.63 1.24 0.0940  0.0080  0.00 0.00 0.0 0.0000 0.0000 0.0 0.00 0.00 0.0 0.0000 0.0000 0.0  1.515 0.284  32.389 2.757  430.4
HOPS-361-D 05:47:04.317 +00:21:38.04 503.1 69.0 0    71.27 4.34 0.3030  0.0240  0.17 0.09 43.1 0.0120 0.0120 5.7 0.09 0.06 50.9 0.0160 0.0150 22.4  16.288 0.992  104.404 8.270  430.4
HOPS-392   05:46:16.505 +00:21:35.75 0.1 62.4 0    1.68 0.23 -99.0000  -99.0000  0.00 0.00 0.0 0.0000 0.0000 0.0 -99.00 -99.00 -99.0 -99.0000 0.0000 0.0  5.208 0.704  -329999.670 -329999.670  430.4
HOPS-334   \nodata \nodata 0.1 506.7 Flat 0.70 0.70 -99.0000  -99.0000  -99.00 -99.00 -99.0 -99.0000 -99.0000 0.0 -99.00 -99.00 -99.0 -99.0000 0.0000 0.0  2.011 2.011  -329999.670 -329999.670  430.6
HOPS-361-J 05:47:04.525 +00:21:23.89 503.1 69.0 0    -99.00 -99.00 0.1040  0.0080  -99.00 -99.00 -99.0 -99.0000 0.0000 0.0 0.00 0.00 0.0 0.0000 0.0000 0.0  -329999.670 -329999.670  35.835 2.757  430.4
HOPS-347   05:47:15.947 +00:21:22.89 0.6 33.5 0    22.19 0.72 0.1520  0.0170  0.12 0.04 43.0 0.0050 0.0090 4.2 0.06 0.02 49.4 0.0190 0.0250 30.4  33.588 1.088  291.270 32.576  430.2
HOPS-361-I 05:47:04.246 +00:21:22.70 503.1 69.0 0    -99.00 -99.00 0.1290  0.0080  -99.00 -99.00 -99.0 -99.0000 0.0000 0.0 0.00 0.00 0.0 0.0000 0.0000 0.0  -329999.670 -329999.670  44.449 2.757  430.4
HOPS-365   05:47:10.613 +00:21:13.71 20.3 160.3 I    128.03 2.34 -99.0000  -99.0000  0.11 0.10 101.4 0.0040 0.0040 17.5 -99.00 -99.00 -99.0 -99.0000 0.0000 0.0  68.765 1.256  -329999.670 -329999.670  430.3
HOPS-359   05:47:24.840 +00:20:59.39 10.5 36.7 0    139.95 3.18 0.2380  0.0190  0.17 0.15 3.6 0.0060 0.0060 15.3 0.06 0.04 10.8 0.0130 0.0110 71.9  89.849 2.039  216.378 17.274  429.4
HOPS-333   \nodata \nodata 0.2 240.9 Flat 0.64 0.64 0.0349  0.0349  -99.00 -99.00 -99.0 -99.0000 -99.0000 0.0 -99.00 -99.00 -99.0 -99.0000 -99.0000 3.3  1.264 1.264  82.598 82.598  429.6
HOPS-391   \nodata \nodata 0.1 58.1 0    0.65 0.65 0.0399  0.0399  -99.00 -99.00 -99.0 -99.0000 -99.0000 0.0 -99.00 -99.00 -99.0 -99.0000 -99.0000 3.3  1.752 1.752  120.194 120.194  430.2
HOPS-390   05:47:32.455 +00:20:21.64 3.4 54.3 0    110.82 2.67 0.1760  0.0310  0.47 0.12 15.8 0.0120 0.0050 0.6 0.13 0.08 23.0 0.0330 0.0410 27.1  97.455 2.351  211.947 37.331  428.4
HOPS-364-B 05:47:36.554 +00:20:06.00 34.3 96.7 I    16.18 1.34 -99.0000  -99.0000  0.05 0.03 8.4 0.0110 0.0180 31.4 -99.00 -99.00 -99.0 -99.0000 0.0000 0.0  7.443 0.617  -329999.670 -329999.670  427.8
HOPS-364-A 05:47:36.563 +00:20:05.92 34.3 96.7 I    95.47 1.99 -99.0000  -99.0000  0.10 0.06 177.7 0.0030 0.0020 3.0 -99.00 -99.00 -99.0 -99.0000 0.0000 0.0  43.923 0.917  -329999.670 -329999.670  427.8
HOPS-331   05:46:28.337 +00:19:49.33 0.4 82.5 Flat 22.39 0.66 0.0640  0.0070  0.07 0.06 30.0 0.0060 0.0090 20.8 0.00 0.00 0.0 0.0000 0.0000 0.0  39.020 1.141  137.520 15.041  430.3
HOPS-407   05:46:28.251 +00:19:27.96 0.7 26.8 0    62.20 1.76 0.1390  0.0180  0.18 0.14 173.6 0.0070 0.0070 7.4 0.10 0.04 162.2 0.0230 0.0250 18.0  83.246 2.358  238.398 30.872  419.1
HOPS-329   05:47:01.601 +00:17:58.92 2.6 89.2 I    4.96 0.88 -99.0000  -99.0000  0.16 0.11 18.6 0.0380 0.0350 27.0 -99.00 -99.00 -99.0 -99.0000 0.0000 0.0  4.765 0.845  -329999.670 -329999.670  430.2
HOPS-326   05:46:39.554 +00:04:16.87 0.6 58.8 0    1.65 0.21 0.0290  0.0290  0.00 0.00 0.0 0.0000 0.0000 0.0 -99.00 -99.00 -99.0 -99.0000 -99.0000 3.3  2.481 0.320  55.113 55.113  428.8
HOPS-325   05:46:39.199 +00:01:12.31 6.5 49.2 0    80.10 1.46 0.2420  0.0170  0.10 0.09 119.0 0.0040 0.0040 83.2 0.05 0.03 65.7 0.0150 0.0150 30.4  58.592 1.069  247.428 17.381  428.5
HOPS-363-A 05:46:43.122 +00:00:52.35 23.4 367.6 Flat 29.62 0.72 -99.0000  -99.0000  0.08 0.05 25.7 0.0050 0.0080 12.0 -99.00 -99.00 -99.0 -99.0000 0.0000 0.0  15.167 0.370  -329999.670 -329999.670  428.4
HOPS-363-B 05:46:43.132 +00:00:52.25 23.4 367.6 Flat 2.16 0.31 -99.0000  -99.0000  0.00 0.00 0.0 0.0000 0.0000 0.0 -99.00 -99.00 -99.0 -99.0000 0.0000 0.0  1.105 0.159  -329999.670 -329999.670  428.4
HOPS-324   05:46:37.566 +00:00:33.83 2.3 89.9 I    2.71 0.24 0.0681  0.0681  0.00 0.00 0.0 0.0000 0.0000 0.0 -99.00 -99.00 -99.0 -99.0000 -99.0000 3.3  2.649 0.236  90.079 90.079  428.4
HOPS-389-B 05:46:46.604 +00:00:29.52 6.2 42.8 0    4.79 0.33 0.0310  0.0310  0.06 0.03 33.4 0.0000 0.0000 0.0 -99.00 -99.00 -99.0 -99.0000 -99.0000 3.3  3.538 0.240  31.999 31.999  428.4
HOPS-389-A 05:46:47.019 +00:00:27.07 6.2 42.8 0    19.72 0.67 0.1230  0.0190  0.10 0.07 50.1 0.0080 0.0120 14.2 0.06 0.02 151.1 0.0280 0.0170 75.1  14.582 0.494  126.963 19.612  428.4
HOPS-323-A 05:46:47.697 +00:00:25.27 10.3 82.9 I    44.48 0.75 0.2360  0.0190  0.07 0.05 30.9 0.0040 0.0060 10.7 0.04 0.01 51.4 0.0120 0.0210 66.1  28.552 0.484  214.456 17.266  428.4
HOPS-323-B 05:46:47.667 +00:00:24.81 10.3 82.9 I    81.35 1.48 0.1000  0.0190  0.30 0.08 50.7 0.0060 0.0030 0.6 0.04 0.03 130.4 0.0360 0.0110 24.8  52.226 0.953  90.871 17.266  428.4
HOPS-322   05:46:46.517 +00:00:16.09 0.5 71.3 I    19.99 0.72 0.0880  0.0110  0.17 0.06 105.8 0.0080 0.0060 2.0 0.00 0.00 0.0 0.0000 0.0000 0.0  31.116 1.122  172.221 21.528  428.3
HOPS-321   05:46:33.172 +00:00:02.03 3.9 78.6 I    5.38 1.32 0.0500  0.0090  0.30 0.22 59.1 0.0830 0.0660 39.2 0.05 0.03 139.1 0.0000 0.0000 0.0  4.542 1.113  58.083 10.455  428.4
HOPS-403   05:46:27.906 -00:00:52.15 4.3 43.9 0    584.08 12.81 3.1830  0.0640  0.39 0.38 64.0 0.0120 0.0120 79.3 0.30 0.29 73.1 0.0070 0.0070 20.4  478.837 10.503  3602.259 72.430  428.2
HOPS-373-A 05:46:31.099 -00:02:33.02 5.5 36.9 0    103.83 1.63 0.2470  0.0220  0.19 0.17 135.8 0.0040 0.0030 8.0 0.09 0.06 1.0 0.0160 0.0150 25.1  79.210 1.240  262.166 23.351  428.1
HOPS-373-B 05:46:30.905 -00:02:35.19 5.5 36.9 0    92.21 0.95 0.0670  0.0120  0.10 0.09 144.3 0.0020 0.0020 8.0 0.00 0.00 0.0 0.0000 0.0000 0.0  70.345 0.722  71.114 12.737  428.1
HOPS-320   05:46:14.212 -00:05:26.81 0.5 87.0 I    5.68 0.76 -99.0000  -99.0000  0.17 0.12 56.2 0.0330 0.0310 28.7 -99.00 -99.00 -99.0 -99.0000 0.0000 0.0  9.053 1.216  -329999.670 -329999.670  427.7
HOPS-388   05:46:13.140 -00:06:04.90 27.6 321.9 Flat 209.34 4.42 -99.0000  -99.0000  0.20 0.19 130.5 0.0060 0.0050 56.9 -99.00 -99.00 -99.0 -99.0000 0.0000 0.0  102.027 2.155  -329999.670 -329999.670  427.7
HOPS-319   \nodata \nodata 0.0 464.2 I    0.61 0.61 -99.0000  -99.0000  -99.00 -99.00 -99.0 -99.0000 -99.0000 0.0 -99.00 -99.00 -99.0 -99.0000 0.0000 0.0  2.230 2.230  -329999.670 -329999.670  427.4
HOPS-318   05:46:13.521 -00:08:55.93 0.2 312.6 Flat 1.45 0.22 -99.0000  -99.0000  0.00 0.00 0.0 0.0000 0.0000 0.0 -99.00 -99.00 -99.0 -99.0000 0.0000 0.0  3.290 0.494  -329999.670 -329999.670  427.3
HOPS-386-C 05:46:08.923 -00:09:56.12 23.4 147.4 I    30.89 1.01 0.2700  0.0250  0.16 0.06 125.6 0.0070 0.0050 1.8 0.11 0.06 27.8 0.0160 0.0120 11.4  15.721 0.513  198.202 18.352  427.2
HOPS-387-A 05:46:07.838 -00:09:59.59 5.6 118.3 I    111.89 1.50 0.3590  0.0290  0.27 0.11 42.9 0.0040 0.0030 0.6 0.16 0.06 24.7 0.0160 0.0090 4.1  84.771 1.134  378.512 30.576  427.2
HOPS-386-B 05:46:08.429 -00:10:00.52 23.4 147.4 I    39.83 3.26 0.0480  0.0480  0.45 0.31 68.3 0.0380 0.0280 9.4 -99.00 -99.00 -99.0 -99.0000 -99.0000 3.3  20.268 1.658  35.236 35.236  427.2
HOPS-387-B 05:46:07.856 -00:10:01.30 5.6 118.3 I    29.84 0.82 0.2170  0.0200  0.10 0.06 76.2 0.0060 0.0080 7.1 0.07 0.04 59.3 0.0150 0.0180 28.8  22.611 0.622  228.794 21.087  427.2
HOPS-386-A 05:46:08.487 -00:10:03.05 23.4 147.4 I    102.94 0.95 0.7400  0.0200  0.12 0.07 56.8 0.0020 0.0030 1.9 0.06 0.05 20.0 0.0050 0.0040 86.5  52.379 0.486  543.221 14.682  427.2
HOPS-317-A 05:46:08.597 -00:10:38.49 4.9 47.5 0    65.69 2.27 0.1710  0.0390  0.10 0.09 48.3 0.0080 0.0090 71.3 0.19 0.07 113.8 0.0480 0.0440 11.8  51.560 1.779  186.076 42.438  427.1
HOPS-317-B 05:46:08.376 -00:10:43.65 4.9 47.5 0    1348.63 13.06 2.1630  0.0520  0.74 0.52 92.2 0.0070 0.0050 1.1 0.21 0.14 133.7 0.0060 0.0040 3.0  1058.579 10.247  2353.693 56.584  427.1
HOPS-402   05:46:10.031 -00:12:16.88 0.6 24.2 0    419.42 9.81 1.7680  0.0590  0.43 0.29 58.7 0.0100 0.0080 2.6 0.33 0.24 28.3 0.0110 0.0080 4.0  622.110 14.557  3322.395 110.872  426.9
HOPS-401   05:46:07.724 -00:12:21.25 0.6 26.0 0    128.94 2.93 0.2470  0.0170  0.21 0.16 176.9 0.0060 0.0050 5.6 0.11 0.07 168.4 0.0100 0.0090 10.0  185.895 4.217  453.407 31.206  426.9
HOPS-316   \nodata \nodata 4.3 55.2 0    0.78 0.78 0.0256  0.0256  -99.00 -99.00 -99.0 -99.0000 -99.0000 0.0 -99.00 -99.00 -99.0 -99.0000 -99.0000 3.3  0.634 0.634  28.730 28.730  426.8
HOPS-358-A 05:46:07.257 -00:13:30.22 25.8 41.7 0    223.77 2.06 0.5390  0.0240  0.38 0.10 81.2 0.0040 0.0020 0.3 0.12 0.03 66.0 0.0080 0.0080 3.3  110.695 1.018  385.420 17.162  426.8
HOPS-358-B 05:46:07.331 -00:13:43.50 25.8 41.7 0    416.33 2.89 0.8950  0.0490  0.29 0.27 127.0 0.0020 0.0020 4.5 0.17 0.15 139.9 0.0140 0.0160 33.8  205.947 1.430  639.983 35.038  426.8
HOPS-385   05:46:04.775 -00:14:16.68 12.1 377.1 Flat 67.34 1.26 -99.0000  -99.0000  0.08 0.07 6.1 0.0040 0.0050 31.1 -99.00 -99.00 -99.0 -99.0000 0.0000 0.0  40.936 0.763  -329999.670 -329999.670  426.7
HOPS-315   05:46:03.635 -00:14:49.56 6.4 180.3 I    145.38 2.77 -99.0000  -99.0000  0.13 0.12 165.0 0.0050 0.0050 39.8 -99.00 -99.00 -99.0 -99.0000 0.0000 0.0  105.598 2.014  -329999.670 -329999.670  426.6
HH212mms   05:43:51.408 -01:02:53.16 13.5 53.0 0    186.00 4.13 0.6040  0.0200  0.22 0.10 118.6 0.0060 0.0050 1.5 0.10 0.04 112.4 0.0040 0.0040 2.8  102.876 2.283  476.113 15.765  413.2
HOPS-312-A 05:43:05.690 -01:15:54.59 0.7 46.7 0    24.11 0.65 0.1700  0.0110  0.07 0.05 117.8 0.0050 0.0050 16.1 0.05 0.02 116.0 0.0120 0.0160 26.2  31.465 0.851  284.851 18.432  416.3
HOPS-312-B 05:43:05.705 -01:15:54.83 0.7 46.7 0    9.37 0.67 0.1060  0.0130  0.08 0.05 139.9 0.0140 0.0180 26.6 0.06 0.05 2.6 0.0170 0.0220 85.0  12.229 0.870  177.613 21.783  416.3
HOPS-400-A 05:42:45.246 -01:16:13.62 2.9 35.0 0    123.09 5.49 0.6480  0.0130  0.14 0.13 100.2 0.0120 0.0120 74.6 0.05 0.05 49.0 0.0030 0.0040 22.4  106.580 4.754  764.074 15.329  415.4
HOPS-400-B 05:42:45.257 -01:16:14.03 2.9 35.0 0    602.79 16.49 2.0230  0.0520  0.44 0.41 18.5 0.0140 0.0130 22.9 0.26 0.24 16.6 0.0070 0.0070 38.2  521.941 14.275  2385.371 61.315  415.4
HOPS-311   05:43:03.056 -01:16:29.32 2.8 383.0 Flat 68.19 1.56 -99.0000  -99.0000  0.17 0.11 43.2 0.0040 0.0040 2.6 -99.00 -99.00 -99.0 -99.0000 0.0000 0.0  59.864 1.368  -329999.670 -329999.670  416.1
HOPS-310   05:42:27.677 -01:20:01.33 13.5 51.8 0    473.56 9.55 1.4800  0.0230  0.29 0.15 45.7 0.0060 0.0040 1.4 0.09 0.07 34.1 0.0020 0.0020 4.0  263.807 5.321  1174.841 18.258  414.3
J054227.77-012902.2 05:42:27.764 -01:20:02.20 -99.0 -99.0 \nodata -99.00 -99.00 0.2270  0.0120  -99.00 -99.00 -99.0 -99.0000 0.0000 0.0 0.00 0.00 0.0 0.0000 0.0000 0.0  -329999.670 -329999.670  348.220 18.408  414.3
HOPS-305   05:41:45.386 -01:51:56.82 0.9 300.7 Flat 39.97 1.12 -99.0000  -99.0000  0.13 0.12 51.6 0.0070 0.0080 29.9 -99.00 -99.00 -99.0 -99.0000 0.0000 0.0  46.802 1.308  -329999.670 -329999.670  409.6
HOPS-357-B 05:41:39.143 -01:52:07.29 14.3 628.2 Flat 29.63 1.62 -99.0000  -99.0000  0.06 0.04 23.2 0.0120 0.0230 67.2 -99.00 -99.00 -99.0 -99.0000 0.0000 0.0  15.865 0.866  -329999.670 -329999.670  409.4
HOPS-357-A 05:41:39.128 -01:52:07.45 14.3 628.2 Flat 121.81 2.37 -99.0000  -99.0000  0.12 0.09 30.2 0.0030 0.0040 7.2 -99.00 -99.00 -99.0 -99.0000 0.0000 0.0  65.212 1.269  -329999.670 -329999.670  409.4
HOPS-384-region-H 05:41:45.902 -01:54:11.17 1404.9 51.9 0    -99.00 -99.00 0.7650  0.0240  -99.00 -99.00 -99.0 -99.0000 0.0000 0.0 0.00 0.00 0.0 0.0000 0.0000 0.0  -329999.670 -329999.670  184.380 5.784  409.5
2M05414611-0154147 05:41:46.123 -01:54:14.99 -99.0 -99.0 \nodata -99.00 -99.00 2.4900  0.0260  -99.00 -99.00 -99.0 -99.0000 0.0000 0.0 0.00 0.00 0.0 0.0000 0.0000 0.0  -329999.670 -329999.670  3732.290 38.972  409.5
2M05414482-0154251 05:41:44.828 -01:54:25.31 -99.0 -99.0 \nodata -99.00 -99.00 0.7850  0.0340  -99.00 -99.00 -99.0 -99.0000 0.0000 0.0 0.05 0.04 66.0 0.0060 0.0070 25.5  -329999.670 -329999.670  1176.646 50.963  409.5
HOPS-384-region-I 05:41:43.167 -01:54:25.42 1404.9 51.9 0    -99.00 -99.00 0.1040  0.0260  -99.00 -99.00 -99.0 -99.0000 0.0000 0.0 0.00 0.00 0.0 0.0000 0.0000 0.0  -329999.670 -329999.670  25.066 6.267  409.5
HOPS-384-region-F 05:41:43.087 -01:54:26.27 1404.9 51.9 0    -99.00 -99.00 0.6130  0.0370  -99.00 -99.00 -99.0 -99.0000 0.0000 0.0 0.06 0.04 52.7 0.0080 0.0070 23.7  -329999.670 -329999.670  147.745 8.918  409.5
HOPS-384-region-D 05:41:45.524 -01:54:27.14 1404.9 51.9 0    -99.00 -99.00 1.0910  0.1180  -99.00 -99.00 -99.0 -99.0000 0.0000 0.0 0.20 0.17 97.6 0.0250 0.0230 34.0  -329999.670 -329999.670  262.953 28.440  409.5
2M05414550-0154286 05:41:45.490 -01:54:28.92 -99.0 -99.0 \nodata -99.00 -99.00 0.0880  0.0200  -99.00 -99.00 -99.0 -99.0000 0.0000 0.0 0.00 0.00 0.0 0.0000 0.0000 0.0  -329999.670 -329999.670  131.904 29.978  409.5
2M05414580-0154297-A 05:41:45.810 -01:54:30.05 -99.0 -99.0 \nodata -99.00 -99.00 51.3860  0.0470  -99.00 -99.00 -99.0 -99.0000 0.0000 0.0 0.07 0.07 25.5 0.0000 0.0000 0.6  -329999.670 -329999.670  77023.070 70.449  409.5
2M05414580-0154297-B 05:41:45.805 -01:54:30.30 -99.0 -99.0 \nodata -99.00 -99.00 1.8900  0.0400  -99.00 -99.00 -99.0 -99.0000 0.0000 0.0 0.07 0.04 99.9 0.0030 0.0040 5.0  -329999.670 -329999.670  2832.943 59.956  409.5
HOPS-384-region-G 05:41:43.915 -01:54:34.09 1404.9 51.9 0    -99.00 -99.00 0.6480  0.1310  -99.00 -99.00 -99.0 -99.0000 0.0000 0.0 0.31 0.14 162.7 0.0660 0.0330 9.9  -329999.670 -329999.670  156.181 31.574  409.5
2M05414325-0154343 05:41:43.248 -01:54:34.35 -99.0 -99.0 \nodata -99.00 -99.00 0.0870  0.0270  -99.00 -99.00 -99.0 -99.0000 0.0000 0.0 0.00 0.00 0.0 0.0000 0.0000 0.0  -329999.670 -329999.670  130.405 40.471  409.5
2M05414483-0154357 05:41:44.842 -01:54:35.98 -99.0 -99.0 \nodata 68.48 1.82 0.5200  0.0680  0.14 0.08 93.9 0.0060 0.0050 3.9 0.11 0.10 166.0 0.0220 0.0240 88.4  78.740 2.098  779.434 101.926  409.5
HOPS-384-B 05:41:44.016 -01:54:43.14 1404.9 51.9 0    127.66 5.41 0.0271  0.0271  0.73 0.18 34.9 0.0320 0.0100 0.9 -99.00 -99.00 -99.0 -99.0000 -99.0000 3.3  20.234 0.857  6.532 6.532  409.5
2M05414138-0154445 05:41:41.390 -01:54:44.75 -99.0 -99.0 \nodata -99.00 -99.00 0.2710  0.0250  -99.00 -99.00 -99.0 -99.0000 0.0000 0.0 0.00 0.00 0.0 0.0380 0.0060 0.0  -329999.670 -329999.670  406.205 37.473  409.5
HOPS-384-A-B 05:41:44.140 -01:54:45.97 1404.9 51.9 0    -99.00 -99.00 0.2050  0.0150  -99.00 -99.00 -99.0 -99.0000 0.0000 0.0 0.00 0.00 0.0 0.0000 0.0000 0.0  -329999.670 -329999.670  49.409 3.615  409.5
HOPS-384-A 05:41:44.135 -01:54:46.06 1404.9 51.9 0    200.18 1.60 1.3930  0.0370  0.10 0.07 60.2 0.0020 0.0020 2.6 0.06 0.04 16.3 0.0030 0.0030 12.9  31.730 0.254  335.740 8.918  409.5
2M05414512-0154470 05:41:45.126 -01:54:47.19 -99.0 -99.0 \nodata -99.00 -99.00 0.3220  0.0340  -99.00 -99.00 -99.0 -99.0000 0.0000 0.0 0.04 0.04 24.2 0.0140 0.0180 88.0  -329999.670 -329999.670  482.650 50.963  409.5
HOPS-384-C 05:41:44.252 -01:54:55.53 1404.9 51.9 0    41.48 2.91 0.0262  0.0262  0.21 0.17 62.6 0.0190 0.0180 24.9 -99.00 -99.00 -99.0 -99.0000 -99.0000 3.3  6.575 0.461  6.315 6.315  409.5
HOPS-384-region-E 05:41:45.735 -01:54:57.97 1404.9 51.9 0    -99.00 -99.00 0.9380  0.1960  -99.00 -99.00 -99.0 -99.0000 0.0000 0.0 0.39 0.24 102.5 0.0840 0.0530 17.3  -329999.670 -329999.670  226.076 47.240  409.5
2M05414418-0155203 05:41:44.184 -01:55:20.52 -99.0 -99.0 \nodata -99.00 -99.00 0.1580  0.0400  -99.00 -99.00 -99.0 -99.0000 0.0000 0.0 0.08 0.03 160.1 0.0270 0.0300 35.4  -329999.670 -329999.670  236.828 59.956  409.5
HOPS-304-A 05:41:45.954 -01:56:26.59 4.0 354.9 Flat 24.59 0.64 -99.0000  -99.0000  0.05 0.04 37.7 0.0060 0.0080 58.8 -99.00 -99.00 -99.0 -99.0000 0.0000 0.0  18.782 0.492  -329999.670 -329999.670  409.5
HOPS-304-B 05:41:45.912 -01:56:26.80 4.0 354.9 Flat 13.10 0.59 -99.0000  -99.0000  0.04 0.03 133.2 0.0130 0.0220 85.2 -99.00 -99.00 -99.0 -99.0000 0.0000 0.0  10.002 0.451  -329999.670 -329999.670  409.5
HOPS-303   05:42:02.649 -02:07:45.98 1.4 43.2 0    199.12 4.30 0.6740  0.0240  0.24 0.19 164.0 0.0060 0.0050 4.5 0.10 0.04 80.2 0.0050 0.0070 4.8  206.766 4.461  926.810 33.002  410.0
HOPS-299   05:41:44.610 -02:16:06.63 18.6 277.0 I    5.00 0.86 -99.0000  -99.0000  0.13 0.09 135.2 0.0370 0.0410 78.1 -99.00 -99.00 -99.0 -99.0000 0.0000 0.0  2.482 0.426  -329999.670 -329999.670  408.7
HOPS-300   05:41:24.212 -02:16:06.66 0.7 93.7 I    5.19 0.56 -99.0000  -99.0000  0.10 0.08 101.7 0.0240 0.0300 71.3 -99.00 -99.00 -99.0 -99.0000 0.0000 0.0  6.543 0.713  -329999.670 -329999.670  407.9
HOPS-298-A 05:41:37.192 -02:17:17.35 29.4 169.3 I    278.64 5.82 -99.0000  -99.0000  0.19 0.12 3.1 0.0050 0.0040 2.7 -99.00 -99.00 -99.0 -99.0000 0.0000 0.0  121.768 2.544  -329999.670 -329999.670  408.4
HOPS-298-B 05:41:37.040 -02:17:18.01 29.4 169.3 I    85.83 4.29 -99.0000  -99.0000  0.11 0.11 15.4 0.0120 0.0130 74.0 -99.00 -99.00 -99.0 -99.0000 0.0000 0.0  37.510 1.873  -329999.670 -329999.670  408.4
HOPS-297   05:41:23.294 -02:17:35.79 0.2 274.9 I    3.05 0.66 0.0504  0.0504  0.19 0.07 173.2 0.0530 0.0490 19.3 -99.00 -99.00 -99.0 -99.0000 -99.0000 3.3  5.895 1.276  114.832 114.832  407.8
HOPS-399   05:41:24.932 -02:18:06.68 6.0 31.1 0    290.39 6.27 0.6260  0.0220  0.19 0.15 143.6 0.0050 0.0040 5.1 0.07 0.07 104.3 0.0070 0.0070 76.9  196.715 4.247  591.369 20.783  407.9
HOPS-372   05:41:26.370 -02:18:20.18 4.5 37.3 0    20.46 0.80 0.1430  0.0150  0.10 0.08 116.2 0.0070 0.0060 21.5 0.00 0.00 0.0 0.0630 0.0190 0.0  14.997 0.583  144.927 15.202  407.9
HOPS-398   05:41:29.414 -02:21:16.42 1.0 23.0 0    234.84 5.17 0.3340  0.0270  0.22 0.19 10.6 0.0060 0.0060 7.9 0.11 0.08 7.4 0.0120 0.0090 17.9  271.766 5.982  502.768 40.643  408.0
HOPS-295   05:41:28.961 -02:23:19.56 0.3 86.6 I    3.48 0.39 -99.0000  -99.0000  0.00 0.00 0.0 0.0540 0.0390 0.0 -99.00 -99.00 -99.0 -99.0000 0.0000 0.0  5.769 0.640  -329999.670 -329999.670  407.9
HOPS-294   05:40:51.733 -02:26:49.02 2.6 606.8 Flat 2.79 0.49 -99.0000  -99.0000  0.11 0.01 6.3 0.0310 0.0560 25.1 -99.00 -99.00 -99.0 -99.0000 0.0000 0.0  2.377 0.417  -329999.670 -329999.670  406.4
HOPS-107   05:35:23.353 -04:40:10.29 4.4 472.0 Flat 37.85 0.76 -99.0000  -99.0000  0.08 0.05 120.5 0.0030 0.0040 4.0 -99.00 -99.00 -99.0 -99.0000 0.0000 0.0  25.871 0.523  -329999.670 -329999.670  392.7
HOPS-105   05:35:32.299 -04:46:48.44 0.1 520.3 Flat 3.72 0.84 -99.0000  -99.0000  0.14 0.10 27.1 0.0510 0.0690 80.8 -99.00 -99.00 -99.0 -99.0000 0.0000 0.0  8.292 1.878  -329999.670 -329999.670  392.6
HOPS-102   05:34:35.168 -04:52:17.96 0.5 479.2 I    36.59 1.48 -99.0000  -99.0000  0.47 0.10 108.9 0.0210 0.0060 0.8 -99.00 -99.00 -99.0 -99.0000 0.0000 0.0  48.868 1.978  -329999.670 -329999.670  392.3
S13-021010 \nodata \nodata -99.0 -99.0 \nodata 0.72 0.72 -99.0000  -99.0000  -99.00 -99.00 -99.0 -99.0000 -99.0000 0.0 -99.00 -99.00 -99.0 -99.0000 0.0000 0.0  0.759 0.759  -329999.670 -329999.670  392.0
HOPS-100   \nodata \nodata 0.0 605.1 I    0.63 0.63 -99.0000  -99.0000  -99.00 -99.00 -99.0 -99.0000 -99.0000 0.0 -99.00 -99.00 -99.0 -99.0000 0.0000 0.0  1.946 1.946  -329999.670 -329999.670  392.0
HOPS-99    05:34:29.468 -04:55:30.25 1.2 48.9 0    13.04 0.65 0.0880  0.0150  0.10 0.07 27.3 0.0080 0.0080 16.8 0.06 0.02 39.0 0.0220 0.0190 53.7  13.149 0.651  116.446 19.849  392.1
HOPS-96    05:35:29.718 -04:58:48.60 5.4 35.6 0    208.90 3.60 0.8450  0.0220  0.12 0.11 134.6 0.0030 0.0030 7.1 0.08 0.07 164.1 0.0040 0.0030 25.1  134.959 2.323  759.023 19.762  392.7
V2273Ori   05:35:15.602 -04:59:27.96 -99.0 -99.0 \nodata -99.00 -99.00 0.1380  0.0130  -99.00 -99.00 -99.0 -99.0000 0.0000 0.0 0.00 0.00 0.0 0.0570 0.0160 0.0  -329999.670 -329999.670  190.201 17.917  392.7
HOPS-383   05:35:29.785 -04:59:50.41 6.8 45.8 0    158.83 3.12 0.4600  0.0180  0.18 0.12 49.7 0.0040 0.0030 2.2 0.06 0.06 147.6 0.0070 0.0070 89.1  96.029 1.885  389.361 15.236  392.8
HOPS-95    05:35:34.205 -04:59:52.41 0.7 41.8 0    16.14 0.66 0.0430  0.0100  0.11 0.06 36.2 0.0060 0.0060 4.5 0.03 0.00 34.3 0.0000 0.0000 0.0  19.184 0.779  65.374 15.203  392.8
HOPS-94    \nodata \nodata 5.7 123.0 I    1.00 1.00 0.0540  0.0080  -99.00 -99.00 -99.0 -99.0000 -99.0000 0.0 0.03 0.02 49.2 0.0000 0.0000 0.0  0.635 0.635  47.793 7.080  392.7
HOPS-93    05:35:15.048 -05:00:08.05 0.4 107.3 I    46.99 1.29 0.2800  0.0250  0.30 0.07 121.8 0.0090 0.0040 0.7 0.11 0.07 135.8 0.0160 0.0300 31.3  67.751 1.863  498.433 44.503  392.7
J05351805-050017.98 05:35:18.051 -05:00:17.98 -99.0 -99.0 \nodata -99.00 -99.00 0.1680  0.0100  -99.00 -99.00 -99.0 -99.0000 0.0000 0.0 0.04 0.03 128.5 0.0000 0.0000 0.0  -329999.670 -329999.670  231.571 13.784  392.7
HOPS-92-A-A 05:35:18.337 -05:00:32.94 17.6 186.3 Flat 129.22 3.27 0.3160  0.0180  0.11 0.10 140.8 0.0040 0.0040 17.8 0.07 0.06 172.9 0.0130 0.0120 50.9  60.086 1.521  210.684 12.001  392.7
HOPS-92-A-B 05:35:18.328 -05:00:33.18 17.6 186.3 Flat 4.36 1.00 0.0760  0.0080  0.00 0.00 0.0 0.0000 0.0000 0.0 0.02 0.01 56.4 0.0000 0.0000 0.0  2.029 0.466  50.671 5.334  392.7
HOPS-92-B  05:35:18.270 -05:00:33.92 17.6 186.3 Flat 171.83 4.21 0.6990  0.0210  0.17 0.12 174.1 0.0050 0.0040 3.1 0.10 0.07 150.3 0.0050 0.0030 6.8  79.898 1.959  466.037 14.001  392.7
HOPS-91    05:35:18.925 -05:00:51.11 3.6 41.7 0    31.58 1.57 0.0229  0.0229  0.26 0.20 54.4 0.0130 0.0110 8.2 -99.00 -99.00 -99.0 -99.0000 -99.0000 3.3  22.867 1.134  22.760 22.760  392.7
HOPS-90    05:35:34.492 -05:00:52.34 2.4 417.7 Flat 3.93 0.77 -99.0000  -99.0000  0.19 0.11 110.4 0.0440 0.0360 15.8 -99.00 -99.00 -99.0 -99.0000 0.0000 0.0  3.197 0.623  -329999.670 -329999.670  392.8
HOPS-89    05:35:19.975 -05:01:02.56 1.4 158.3 Flat 22.90 0.71 0.1830  0.0190  0.12 0.05 82.4 0.0050 0.0050 2.3 0.08 0.04 82.3 0.0190 0.0320 35.9  21.973 0.680  232.282 24.117  392.7
HOPS-88    05:35:22.471 -05:01:14.31 13.8 42.4 0    141.98 2.46 0.6970  0.0150  0.10 0.09 166.9 0.0030 0.0030 11.5 0.06 0.04 169.6 0.0050 0.0030 8.6  70.550 1.222  493.833 10.628  392.7
HOPS-87    05:35:23.420 -05:01:30.54 31.9 38.1 0    1587.40 33.47 2.6320  0.0300  0.36 0.35 11.1 0.0080 0.0080 30.4 0.13 0.11 29.7 0.0030 0.0020 4.5  627.520 13.232  1510.341 17.215  392.7
HOPS-86-A  05:35:23.654 -05:01:40.26 2.9 112.7 I    25.94 3.30 0.0278  0.0278  0.17 0.15 0.5 0.0250 0.0250 54.7 -99.00 -99.00 -99.0 -99.0000 -99.0000 3.3  20.109 2.560  29.341 29.341  392.7
HOPS-86-B  05:35:23.733 -05:01:48.13 2.9 112.7 I    59.35 2.64 0.0278  0.0278  0.13 0.12 7.2 0.0090 0.0090 56.1 -99.00 -99.00 -99.0 -99.0000 -99.0000 3.3  46.010 2.049  29.341 29.341  392.7
HOPS-85-A  05:35:28.189 -05:03:41.20 14.2 174.2 Flat 29.76 1.14 0.5010  0.0270  0.05 0.04 123.9 0.0050 0.0060 18.2 0.13 0.09 146.7 0.0100 0.0070 10.1  14.675 0.564  352.467 18.995  392.8
HOPS-85-B  05:35:28.193 -05:03:41.29 14.2 174.2 Flat 20.90 0.85 0.0600  0.0060  0.03 0.01 66.0 0.0060 0.0100 28.1 0.00 0.00 0.0 0.0000 0.0000 0.0  10.303 0.417  42.212 4.221  392.8
HOPS-84-A  05:35:26.560 -05:03:55.12 42.9 90.8 I    436.20 8.17 1.1690  0.0230  0.26 0.12 167.5 0.0050 0.0030 1.0 0.11 0.06 161.3 0.0030 0.0020 2.0  159.150 2.980  622.540 12.248  392.8
HOPS-84-B  05:35:26.537 -05:03:55.73 42.9 90.8 I    25.09 3.69 0.1470  0.0150  0.09 0.03 166.2 0.0240 0.0250 15.8 0.00 0.00 0.0 0.0740 0.0250 0.0  9.154 1.345  78.283 7.988  392.8
HOPS-82    05:35:19.740 -05:04:54.50 2.1 116.4 Flat 6.16 0.49 -99.0000  -99.0000  0.06 0.04 90.9 0.0130 0.0210 22.9 -99.00 -99.00 -99.0 -99.0000 0.0000 0.0  5.223 0.412  -329999.670 -329999.670  392.7
HOPS-81    05:35:28.019 -05:04:57.35 1.1 40.1 0    64.33 1.15 0.4250  0.0170  0.10 0.06 122.0 0.0030 0.0030 2.9 0.07 0.03 110.1 0.0080 0.0110 12.4  66.446 1.186  574.370 22.975  392.8
HOPS-80    05:35:25.183 -05:05:09.37 0.1 275.3 Flat 14.86 1.22 0.0370  0.0370  0.27 0.21 155.3 0.0240 0.0200 17.1 -99.00 -99.00 -99.0 -99.0000 -99.0000 3.3  37.566 3.075  101.319 101.319  392.8
HOPS-78-A  05:35:25.966 -05:05:43.33 7.8 38.1 0    322.44 3.44 0.8250  0.0220  0.44 0.14 171.1 0.0050 0.0020 0.3 0.09 0.08 49.5 0.0060 0.0040 18.3  187.865 2.004  675.456 18.012  392.8
HOPS-78-E  05:35:25.763 -05:05:43.83 7.8 38.1 0    -99.00 -99.00 0.0460  0.0070  -99.00 -99.00 -99.0 -99.0000 0.0000 0.0 0.00 0.00 0.0 0.0000 0.0000 0.0  -329999.670 -329999.670  37.662 5.731  392.8
HOPS-78-B  05:35:26.148 -05:05:45.80 7.8 38.1 0    8.53 1.12 0.0880  0.0140  0.05 0.05 179.4 0.0230 0.0240 90.2 0.00 0.00 0.0 0.0610 0.0330 0.0  4.972 0.650  72.049 11.462  392.8
HOPS-77-B  05:35:31.470 -05:05:46.10 11.3 550.3 Flat 1.42 0.24 -99.0000  -99.0000  0.00 0.00 0.0 0.0000 0.0000 0.0 -99.00 -99.00 -99.0 -99.0000 0.0000 0.0  0.747 0.128  -329999.670 -329999.670  392.8
HOPS-78-C  05:35:26.181 -05:05:47.12 7.8 38.1 0    9.34 1.80 0.0420  0.0070  0.17 0.08 131.9 0.0390 0.0340 12.7 0.00 0.00 0.0 0.0000 0.0000 0.0  5.442 1.051  34.387 5.731  392.8
HOPS-77-A-A 05:35:31.539 -05:05:47.33 11.3 550.3 Flat 6.38 0.24 -99.0000  -99.0000  0.00 0.00 0.0 0.0000 0.0000 0.0 -99.00 -99.00 -99.0 -99.0000 0.0000 0.0  3.357 0.128  -329999.670 -329999.670  392.8
HOPS-77-A-B 05:35:31.545 -05:05:47.40 11.3 550.3 Flat 5.30 0.24 -99.0000  -99.0000  0.00 0.00 0.0 0.0000 0.0000 0.0 -99.00 -99.00 -99.0 -99.0000 0.0000 0.0  2.788 0.128  -329999.670 -329999.670  392.8
HOPS-78-D  05:35:25.920 -05:05:47.70 7.8 38.1 0    6.57 1.48 0.0232  0.0232  0.15 0.03 175.4 0.0450 0.0340 10.5 -99.00 -99.00 -99.0 -99.0000 -99.0000 3.3  3.826 0.865  18.995 18.995  392.8
HOPS-76    05:35:25.763 -05:05:58.13 1.6 135.5 I    13.14 0.47 0.2080  0.0230  0.05 0.04 57.6 0.0080 0.0100 37.8 0.14 0.07 27.5 0.0250 0.0120 11.5  12.031 0.435  253.619 28.044  392.8
HOPS-75-A  05:35:26.680 -05:06:10.51 3.5 67.9 0    16.07 0.52 0.1790  0.0150  0.06 0.04 156.1 0.0060 0.0080 20.6 0.00 0.00 0.0 0.0000 0.0000 0.0  11.737 0.381  179.311 15.026  392.8
HOPS-75-B  05:35:26.678 -05:06:10.76 3.5 67.9 0    1.92 0.27 0.0246  0.0246  0.00 0.00 0.0 0.0000 0.0000 0.0 -99.00 -99.00 -99.0 -99.0000 -99.0000 3.3  1.403 0.199  24.643 24.643  392.8
HOPS-74    05:35:24.874 -05:06:21.58 1.0 516.5 Flat 42.05 0.95 0.1090  0.0090  0.12 0.08 126.7 0.0040 0.0030 3.6 0.03 0.03 29.9 0.0000 0.0000 0.0  44.492 1.008  150.330 12.413  392.8
HOPS-73    05:35:27.699 -05:07:04.32 1.5 43.0 0    10.40 1.14 0.0610  0.0160  0.19 0.16 60.9 0.0230 0.0200 27.5 0.00 0.00 0.0 0.1530 0.0260 0.0  9.779 1.070  76.087 19.957  392.8
HOPS-72    05:35:25.724 -05:07:46.24 0.5 693.0 \nodata 16.71 0.84 0.0303  0.0303  0.11 0.06 101.5 0.0080 0.0090 5.5 -99.00 -99.00 -99.0 -99.0000 -99.0000 3.3  22.201 1.120  50.485 50.485  392.8
HOPS-394-A 05:35:24.046 -05:07:52.11 5.7 45.5 0    21.52 1.38 0.2390  0.0210  0.25 0.13 80.7 0.0170 0.0100 4.0 0.12 0.04 25.0 0.0150 0.0090 4.2  13.676 0.875  211.578 18.591  392.8
HOPS-394-B 05:35:24.867 -05:07:54.64 5.7 45.5 0    9.88 0.32 0.0620  0.0070  0.00 0.00 0.0 0.0000 0.0000 0.0 0.00 0.00 0.0 0.0000 0.0000 0.0  6.279 0.200  54.889 6.197  392.8
HOPS-71-B  05:35:25.541 -05:07:56.84 4.9 277.5 I    5.46 1.59 0.0311  0.0311  0.29 0.12 82.4 0.0920 0.0530 12.8 -99.00 -99.00 -99.0 -99.0000 -99.0000 3.3  3.626 1.055  28.652 28.652  392.8
HOPS-71-A  05:35:25.582 -05:07:57.64 4.9 277.5 I    130.08 1.12 1.1060  0.0240  0.19 0.07 123.0 0.0020 0.0010 0.4 0.08 0.07 111.8 0.0030 0.0040 58.5  86.457 0.741  1018.949 22.111  392.8
HOPS-70-B-B 05:35:22.570 -05:08:00.32 6.0 619.3 Flat 7.89 0.53 0.0710  0.0080  0.07 0.03 51.2 0.0120 0.0260 17.1 0.03 0.01 104.4 0.0000 0.0000 0.0  4.940 0.334  62.034 6.990  392.8
HOPS-70-B-A \nodata \nodata 6.0 619.3 Flat 0.77 0.77 0.1260  0.0080  -99.00 -99.00 -99.0 -99.0000 -99.0000 0.0 0.03 0.01 104.4 0.0000 0.0000 0.0  0.482 0.482  110.089 6.990  392.8
HOPS-70-C  05:35:21.938 -05:08:04.58 6.0 619.3 Flat 8.63 0.84 0.0336  0.0336  0.17 0.07 78.3 0.0190 0.0160 5.4 -99.00 -99.00 -99.0 -99.0000 -99.0000 3.3  5.406 0.524  29.357 29.357  392.8
HOPS-70-A-B 05:35:22.426 -05:08:05.03 6.0 619.3 Flat 3.37 0.54 0.0380  0.0080  0.00 0.00 0.0 0.1050 0.0400 0.0 0.03 0.01 104.4 0.0000 0.0000 0.0  2.110 0.339  33.201 6.990  392.8
HOPS-70-A-A 05:35:22.406 -05:08:05.14 6.0 619.3 Flat 35.89 0.54 0.2900  0.0170  0.05 0.05 13.4 0.0030 0.0040 87.8 0.05 0.04 72.2 0.0090 0.0160 52.0  22.480 0.336  253.379 14.853  392.8
HOPS-350   \nodata \nodata 0.5 57.3 I    0.70 0.70 0.0265  0.0265  -99.00 -99.00 -99.0 -99.0000 -99.0000 0.0 -99.00 -99.00 -99.0 -99.0000 -99.0000 3.3  0.919 0.919  43.735 43.735  392.8
HOPS-68    05:35:24.299 -05:08:30.74 5.0 100.6 I    88.22 1.59 0.4390  0.0160  0.10 0.09 3.6 0.0030 0.0030 18.0 0.04 0.04 150.8 0.0060 0.0090 89.5  58.418 1.056  403.112 14.692  392.8
HOPS-66-B  05:35:26.927 -05:09:22.43 18.3 264.9 Flat 34.62 1.10 0.0780  0.0130  0.17 0.12 165.8 0.0060 0.0050 3.8 0.00 0.00 0.0 0.0440 0.0370 0.0  15.924 0.508  51.493 8.582  392.8
HOPS-66-A  05:35:26.857 -05:09:24.40 18.3 264.9 Flat 43.31 0.57 0.2930  0.0140  0.05 0.04 47.0 0.0030 0.0030 29.3 0.00 0.00 0.0 0.0440 0.0170 0.0  19.921 0.260  193.431 9.242  392.8
HOPS-370   05:35:27.634 -05:09:34.42 315.7 71.5 I    533.28 10.05 2.8410  0.0180  0.34 0.11 109.7 0.0070 0.0030 0.6 0.08 0.03 5.6 0.0010 0.0010 0.5  114.644 2.160  916.479 5.807  392.8
HOPS-65    05:35:21.576 -05:09:38.85 0.3 545.7 I    83.91 3.20 -99.0000  -99.0000  0.99 0.28 171.4 0.0000 0.0000 1.0 -99.00 -99.00 -99.0 -99.0000 0.0000 0.0  128.057 4.882  -329999.670 -329999.670  392.8
2MJ05352746-0509441 05:35:27.472 -05:09:44.14 -99.0 -99.0 II   9.07 1.79 0.1460  0.0180  0.00 0.00 0.0 0.1570 0.0380 0.0 0.09 0.03 10.9 0.0190 0.0170 9.4  9.600 1.895  201.382 24.828  392.8
HOPS-64    05:35:26.998 -05:09:54.08 13.4 29.7 I    33.47 0.76 0.2550  0.0180  0.10 0.07 119.3 0.0040 0.0040 6.4 0.06 0.05 158.6 0.0120 0.0150 65.4  16.774 0.380  182.111 12.855  392.8
HOPS-108   05:35:27.086 -05:10:00.06 33.5 38.5 0    62.63 0.98 0.0990  0.0190  0.12 0.12 105.7 0.0030 0.0040 31.9 0.07 0.06 156.2 0.0300 0.0390 78.8  24.440 0.383  56.132 10.773  392.8
VLA16      05:35:26.824 -05:10:05.62 -99.0 -99.0 \nodata 6.66 0.81 0.0400  0.0120  0.10 0.08 164.8 0.0190 0.0220 47.3 0.00 0.00 0.0 0.0000 0.0000 0.0  7.051 0.857  55.172 16.552  392.8
VLA15      05:35:26.410 -05:10:05.94 -99.0 -99.0 \nodata 122.94 1.65 0.5320  0.0310  0.41 0.11 87.3 0.0060 0.0020 0.3 0.18 0.07 85.7 0.0110 0.0090 3.3  130.078 1.745  733.794 42.759  392.8
OMC2-FIR4-ALMA1 05:35:26.785 -05:10:08.83 -99.0 -99.0 \nodata 5.57 0.73 0.0590  0.0130  0.14 0.04 110.5 0.0260 0.0220 9.2 0.00 0.00 0.0 0.0850 0.0140 0.0  5.898 0.770  81.380 17.931  392.8
HOPS-369   05:35:26.969 -05:10:17.27 30.9 379.2 Flat 26.11 0.53 0.0510  0.0070  0.05 0.04 21.3 0.0060 0.0090 41.1 0.00 0.00 0.0 0.0000 0.0000 0.0  10.418 0.212  29.517 4.051  392.8
HOPS-368   05:35:24.725 -05:10:30.08 60.2 137.5 I    135.91 2.62 1.1010  0.0200  0.19 0.08 105.2 0.0040 0.0030 1.1 0.06 0.03 72.6 0.0030 0.0050 7.7  45.289 0.871  538.583 9.784  392.8
HOPS-60    05:35:23.287 -05:12:03.41 19.2 54.1 0    336.12 5.98 1.2110  0.0210  0.19 0.11 159.0 0.0040 0.0030 1.5 0.08 0.06 153.5 0.0030 0.0020 2.8  152.700 2.719  790.332 13.705  392.8
2MJ05352131-0512126 05:35:21.318 -05:12:12.68 -99.0 -99.0 \nodata -99.00 -99.00 0.2820  0.0240  -99.00 -99.00 -99.0 -99.0000 0.0000 0.0 0.10 0.04 77.2 0.0130 0.0340 14.2  -329999.670 -329999.670  388.927 33.100  392.8
HOPS-59-B  05:35:20.134 -05:13:13.31 43.2 528.4 Flat 7.25 1.93 0.0820  0.0090  0.00 0.00 0.0 0.0750 0.0550 0.0 0.00 0.00 0.0 0.0000 0.0000 0.0  2.642 0.701  43.595 4.785  392.8
HOPS-59-A  05:35:20.151 -05:13:15.70 43.2 528.4 Flat 309.07 6.00 1.4810  0.0410  0.25 0.16 91.8 0.0050 0.0040 1.7 0.14 0.10 91.6 0.0050 0.0060 5.8  112.566 2.185  787.369 21.798  392.8
HOPS-409   05:35:21.363 -05:13:17.83 7.2 28.4 0    185.41 1.90 0.8180  0.0370  0.34 0.12 115.8 0.0040 0.0020 0.4 0.16 0.06 108.5 0.0090 0.0080 2.9  110.724 1.135  684.766 30.974  392.8
HOPS-58    05:35:18.523 -05:13:38.34 3.9 620.0 Flat 111.07 2.23 0.1450  0.0100  0.16 0.14 172.4 0.0040 0.0040 18.0 0.03 0.02 75.1 0.0000 0.0000 0.0  78.532 1.573  141.120 9.732  392.8
HOPS-57-A  05:35:19.887 -05:15:08.18 2.8 421.2 Flat 131.13 2.62 0.5330  0.0200  0.23 0.12 43.0 0.0050 0.0030 1.2 0.07 0.04 13.1 0.0080 0.0120 15.9  102.128 2.040  564.859 21.195  392.8
HOPS-57-B  05:35:19.833 -05:15:09.03 2.8 421.2 Flat 10.96 1.17 0.0267  0.0267  0.06 0.03 74.0 0.0160 0.0210 26.8 -99.00 -99.00 -99.0 -99.0000 -99.0000 3.3  8.536 0.910  28.296 28.296  392.8
HOPS-56-A-C 05:35:19.481 -05:15:32.81 20.4 48.1 0    2.77 0.26 0.0267  0.0267  0.00 0.00 0.0 0.0000 0.0000 0.0 -99.00 -99.00 -99.0 -99.0000 -99.0000 3.3  1.238 0.117  17.155 17.155  392.8
HOPS-56-D  05:35:17.922 -05:15:32.84 20.4 48.1 0    -99.00 -99.00 0.1350  0.0250  -99.00 -99.00 -99.0 -99.0000 0.0000 0.0 0.10 0.06 116.4 0.0410 0.0370 55.5  -329999.670 -329999.670  86.738 16.063  392.8
V1334Ori   05:35:17.923 -05:15:32.84 -99.0 -99.0 \nodata -99.00 -99.00 0.1450  0.0270  -99.00 -99.00 -99.0 -99.0000 0.0000 0.0 0.13 0.06 119.2 0.0390 0.0490 28.0  -329999.670 -329999.670  199.966 37.235  392.8
HOPS-56-A-B 05:35:19.470 -05:15:32.96 20.4 48.1 0    2.32 0.26 0.0800  0.0170  0.00 0.00 0.0 0.0000 0.0000 0.0 0.00 0.00 0.0 0.0960 0.0290 0.0  1.038 0.117  51.401 10.923  392.8
HOPS-56-A-A 05:35:19.482 -05:15:33.08 20.4 48.1 0    12.08 0.58 0.1370  0.0150  0.07 0.05 43.2 0.0080 0.0100 28.8 0.00 0.00 0.0 0.0000 0.0000 0.0  5.396 0.261  88.023 9.638  392.8
V2358Ori   05:35:19.811 -05:15:35.20 -99.0 -99.0 \nodata 2.72 0.54 0.0750  0.0190  0.00 0.00 0.0 0.1010 0.0520 0.0 0.09 0.01 138.8 0.0460 0.0350 88.3  2.875 0.571  103.431 26.202  392.8
HOPS-56-B  05:35:19.420 -05:15:38.29 20.4 48.1 0    129.68 3.77 0.1510  0.0260  0.79 0.39 61.1 0.0000 0.0000 1.5 0.20 0.03 133.7 0.0450 0.0200 5.6  57.923 1.686  97.018 16.705  392.8
J05352074-0515492 05:35:20.751 -05:15:49.26 -99.0 -99.0 \nodata -99.00 -99.00 1.1290  0.0160  -99.00 -99.00 -99.0 -99.0000 0.0000 0.0 0.03 0.02 139.7 0.0050 0.0040 30.1  -329999.670 -329999.670  1556.979 22.065  392.8
OMC1N-1-A  05:35:17.890 -05:18:35.41 -99.0 -99.0 \nodata -99.00 -99.00 0.0500  0.0090  -99.00 -99.00 -99.0 -99.0000 0.0000 0.0 0.03 0.02 5.7 0.0000 0.0000 0.0  -329999.670 -329999.670  68.953 12.412  392.8
OMC1N-1-B  05:35:16.812 -05:19:01.00 -99.0 -99.0 \nodata -99.00 -99.00 0.0690  0.0090  -99.00 -99.00 -99.0 -99.0000 0.0000 0.0 0.03 0.02 5.7 0.0000 0.0000 0.0  -329999.670 -329999.670  95.155 12.412  392.8
OMC1N-1-C  05:35:17.145 -05:19:12.70 -99.0 -99.0 \nodata -99.00 -99.00 0.0870  0.0090  -99.00 -99.00 -99.0 -99.0000 0.0000 0.0 0.03 0.02 5.7 0.0000 0.0000 0.0  -329999.670 -329999.670  119.978 12.412  392.8
OMC1N-2-3  05:35:16.611 -05:19:35.69 -99.0 -99.0 \nodata -99.00 -99.00 0.0750  0.0090  -99.00 -99.00 -99.0 -99.0000 0.0000 0.0 0.03 0.02 6.3 0.0000 0.0000 0.0  -329999.670 -329999.670  103.430 12.412  392.8
OMC1N-4-5-A 05:35:16.040 -05:19:44.61 -99.0 -99.0 \nodata -99.00 -99.00 0.6860  0.0150  -99.00 -99.00 -99.0 -99.0000 0.0000 0.0 0.00 0.00 0.0 0.0640 0.0090 0.0  -329999.670 -329999.670  946.037 20.686  392.8
OMC1N-4-5-B 05:35:16.047 -05:20:05.61 -99.0 -99.0 \nodata -99.00 -99.00 0.0870  0.0060  -99.00 -99.00 -99.0 -99.0000 0.0000 0.0 0.00 0.00 0.0 0.0000 0.0000 0.0  -329999.670 -329999.670  119.978 8.274  392.8
OMC1N-4-5-C 05:35:15.973 -05:20:14.25 -99.0 -99.0 \nodata -99.00 -99.00 0.5870  0.0200  -99.00 -99.00 -99.0 -99.0000 0.0000 0.0 0.07 0.05 148.9 0.0060 0.0070 10.2  -329999.670 -329999.670  809.510 27.581  392.8
OMC1N-6-7-8-A-A 05:35:18.673 -05:20:33.71 -99.0 -99.0 \nodata -99.00 -99.00 0.8760  0.0200  -99.00 -99.00 -99.0 -99.0000 0.0000 0.0 0.09 0.01 67.9 0.0030 0.0100 2.7  -329999.670 -329999.670  1208.059 27.581  392.8
OMC1N-6-7-8-A-B 05:35:18.660 -05:20:33.82 -99.0 -99.0 \nodata -99.00 -99.00 0.0770  0.0060  -99.00 -99.00 -99.0 -99.0000 0.0000 0.0 0.00 0.00 0.0 0.0000 0.0000 0.0  -329999.670 -329999.670  106.188 8.274  392.8
OMC1N-6-7-8-E 05:35:15.698 -05:20:39.32 -99.0 -99.0 \nodata -99.00 -99.00 0.5340  0.0170  -99.00 -99.00 -99.0 -99.0000 0.0000 0.0 0.05 0.03 104.2 0.0030 0.0100 17.2  -329999.670 -329999.670  736.420 23.444  392.8
OMC1N-6-7-8-D 05:35:16.659 -05:20:44.44 -99.0 -99.0 \nodata -99.00 -99.00 0.3040  0.0150  -99.00 -99.00 -99.0 -99.0000 0.0000 0.0 0.04 0.02 43.8 0.0130 0.0150 47.1  -329999.670 -329999.670  419.235 20.686  392.8
OMC1N-6-7-8-B 05:35:18.192 -05:20:48.46 -99.0 -99.0 \nodata -99.00 -99.00 0.6090  0.0230  -99.00 -99.00 -99.0 -99.0000 0.0000 0.0 0.09 0.06 105.4 0.0060 0.0100 27.2  -329999.670 -329999.670  839.849 31.718  392.8
OMC1N-6-7-8-C 05:35:18.001 -05:20:55.76 -99.0 -99.0 \nodata -99.00 -99.00 0.6330  0.0250  -99.00 -99.00 -99.0 -99.0000 0.0000 0.0 0.09 0.07 134.5 0.0070 0.0090 13.9  -329999.670 -329999.670  872.947 34.477  392.8
OMC1N-6-7-8-F 05:35:16.278 -05:21:09.13 -99.0 -99.0 \nodata -99.00 -99.00 0.0850  0.0060  -99.00 -99.00 -99.0 -99.0000 0.0000 0.0 0.00 0.00 0.0 0.0000 0.0000 0.0  -329999.670 -329999.670  117.220 8.274  392.8
OMC1N-6-7-8-G 05:35:15.402 -05:21:13.98 -99.0 -99.0 \nodata -99.00 -99.00 0.1210  0.0060  -99.00 -99.00 -99.0 -99.0000 0.0000 0.0 0.00 0.00 0.0 0.0000 0.0000 0.0  -329999.670 -329999.670  166.867 8.274  392.8
OMC1N-6-7-8-H 05:35:15.604 -05:21:26.88 -99.0 -99.0 \nodata -99.00 -99.00 0.2500  0.0060  -99.00 -99.00 -99.0 -99.0000 0.0000 0.0 0.00 0.00 0.0 0.0000 0.0000 0.0  -329999.670 -329999.670  344.766 8.274  392.8
HOPS-53    05:33:57.395 -05:23:29.99 22.8 45.9 0    78.13 1.25 0.6260  0.0170  0.07 0.05 128.7 0.0030 0.0030 6.1 0.05 0.04 121.5 0.0030 0.0080 21.3  33.443 0.533  386.379 10.493  390.5
HOPS-50    05:34:40.914 -05:31:44.71 3.6 51.4 0    240.58 4.62 0.9460  0.0220  0.25 0.13 68.3 0.0050 0.0030 1.2 0.08 0.06 72.1 0.0040 0.0050 10.1  172.794 3.315  932.903 21.695  391.5
HOPS-49    05:34:48.885 -05:31:45.79 0.6 356.8 I    13.13 0.72 -99.0000  -99.0000  0.17 0.04 27.1 0.0110 0.0100 2.0 -99.00 -99.00 -99.0 -99.0000 0.0000 0.0  15.966 0.880  -329999.670 -329999.670  391.8
HOPS-47    05:33:45.882 -05:32:58.12 0.1 558.4 Flat 6.08 0.79 -99.0000  -99.0000  0.21 0.11 158.5 0.0310 0.0240 10.5 -99.00 -99.00 -99.0 -99.0000 0.0000 0.0  13.469 1.747  -329999.670 -329999.670  389.8
HOPS-45-A  05:35:06.457 -05:33:34.98 7.4 517.8 Flat 39.09 0.84 -99.0000  -99.0000  0.08 0.04 29.0 0.0030 0.0040 2.8 -99.00 -99.00 -99.0 -99.0000 0.0000 0.0  23.026 0.495  -329999.670 -329999.670  391.9
HOPS-45-B  05:35:06.454 -05:33:35.28 7.4 517.8 Flat 22.57 0.76 -99.0000  -99.0000  0.05 0.04 146.8 0.0090 0.0090 45.7 -99.00 -99.00 -99.0 -99.0000 0.0000 0.0  13.294 0.446  -329999.670 -329999.670  391.9
HOPS-44    05:35:10.591 -05:35:06.26 1.5 43.8 0    3.48 0.70 0.0303  0.0303  0.15 0.10 101.5 0.0420 0.0410 28.4 -99.00 -99.00 -99.0 -99.0000 -99.0000 3.3  3.230 0.646  37.368 37.368  391.8
HOPS-43    05:35:04.503 -05:35:14.78 2.8 75.0 I    4.59 0.69 0.2430  0.0150  0.17 0.10 120.2 0.0320 0.0280 13.5 0.05 0.03 171.2 0.0160 0.0220 45.0  3.546 0.537  255.707 15.784  391.7
HOPS-42    05:35:05.061 -05:35:40.79 0.2 200.9 I    48.73 1.51 0.0215  0.0215  0.40 0.10 106.2 0.0130 0.0050 0.7 -99.00 -99.00 -99.0 -99.0000 -99.0000 3.3  80.155 2.479  42.460 42.460  391.7
HOPS-41    05:34:29.463 -05:35:42.80 1.7 82.3 I    25.98 0.56 -99.0000  -99.0000  0.04 0.03 45.5 0.0050 0.0060 82.0 -99.00 -99.00 -99.0 -99.0000 0.0000 0.0  23.311 0.498  -329999.670 -329999.670  390.9
HOPS-40    05:35:08.440 -05:35:58.57 2.3 38.1 0    8.14 0.69 0.0960  0.0180  0.14 0.07 76.1 0.0150 0.0130 6.0 0.00 0.00 0.0 0.1490 0.0210 0.0  6.650 0.566  106.015 19.878  391.6
HOPS-38    \nodata \nodata 0.2 58.5 0    0.65 0.65 0.0285  0.0285  -99.00 -99.00 -99.0 -99.0000 -99.0000 0.0 -99.00 -99.00 -99.0 -99.0000 -99.0000 3.3  1.109 1.109  57.924 57.924  391.4
HOPS-36    05:34:26.453 -05:37:40.75 0.9 374.6 Flat 40.16 0.95 -99.0000  -99.0000  0.13 0.07 155.4 0.0040 0.0030 2.3 -99.00 -99.00 -99.0 -99.0000 0.0000 0.0  43.587 1.029  -329999.670 -329999.670  390.6
HOPS-382   \nodata \nodata 0.1 204.4 I    0.70 0.70 -99.0000  -99.0000  -99.00 -99.00 -99.0 -99.0000 -99.0000 0.0 -99.00 -99.00 -99.0 -99.0000 0.0000 0.0  1.609 1.609  -329999.670 -329999.670  391.4
HOPS-33    \nodata \nodata 0.1 777.6 Flat 0.64 0.64 -99.0000  -99.0000  -99.00 -99.00 -99.0 -99.0000 -99.0000 0.0 -99.00 -99.00 -99.0 -99.0000 0.0000 0.0  1.392 1.392  -329999.670 -329999.670  390.8
HOPS-32-A  05:34:35.454 -05:39:59.33 1.7 58.9 0    22.20 0.72 0.1070  0.0180  0.11 0.06 52.5 0.0050 0.0050 4.0 0.00 0.00 0.0 0.0890 0.0590 0.0  19.685 0.639  126.758 21.324  390.6
HOPS-32-B  05:34:35.432 -05:39:59.58 1.7 58.9 0    13.97 1.01 0.1230  0.0260  0.15 0.11 68.5 0.0130 0.0110 10.9 0.17 0.04 163.5 0.0480 0.0250 9.9  12.387 0.898  145.713 30.801  390.6
HOPS-30    05:34:44.055 -05:41:25.84 3.3 81.2 I    115.09 2.02 0.2180  0.0070  0.13 0.08 139.9 0.0030 0.0030 2.4 0.00 0.00 0.0 0.0000 0.0000 0.0  84.846 1.488  219.857 7.060  390.6
HOPS-29    05:34:49.043 -05:41:42.40 1.7 148.2 I    28.58 0.67 0.1450  0.0070  0.07 0.06 172.5 0.0040 0.0050 29.5 0.00 0.00 0.0 0.0000 0.0000 0.0  25.711 0.599  173.915 8.396  390.6
HOPS-28-A  05:34:47.320 -05:41:56.08 0.4 46.3 0    10.08 0.73 0.0260  0.0070  0.16 0.06 54.0 0.0140 0.0110 3.9 0.00 0.00 0.0 0.0000 0.0000 0.0  13.708 0.987  44.047 11.859  390.6
HOPS-28-B  05:34:47.303 -05:41:56.29 0.4 46.3 0    2.62 0.48 0.0210  0.0210  0.08 0.01 67.3 0.0270 0.0390 49.2 -99.00 -99.00 -99.0 -99.0000 -99.0000 3.3  3.557 0.658  35.577 35.577  390.6
HOPS-24    \nodata \nodata 0.1 288.9 I    0.62 0.62 -99.0000  -99.0000  -99.00 -99.00 -99.0 -99.0000 -99.0000 0.0 -99.00 -99.00 -99.0 -99.0000 0.0000 0.0  1.451 1.451  -329999.670 -329999.670  390.2
HOPS-20-B  \nodata \nodata 1.1 94.8 I    0.70 0.70 0.0220  0.0070  -99.00 -99.00 -99.0 -99.0000 -99.0000 0.0 0.00 0.00 0.0 0.0000 0.0000 0.0  0.710 0.710  29.355 9.340  389.1
HOPS-20-A  05:33:30.704 -05:50:41.29 1.1 94.8 I    6.71 0.46 0.0690  0.0070  0.05 0.03 59.5 0.0130 0.0170 67.1 0.00 0.00 0.0 0.0000 0.0000 0.0  6.845 0.474  92.067 9.340  389.1
HOPS-19    \nodata \nodata 0.2 101.6 Flat 0.63 0.63 -99.0000  -99.0000  -99.00 -99.00 -99.0 -99.0000 -99.0000 0.0 -99.00 -99.00 -99.0 -99.0000 0.0000 0.0  1.167 1.167  -329999.670 -329999.670  389.3
HOPS-18    05:35:05.515 -05:51:54.42 1.2 71.8 I    35.09 1.33 0.2210  0.0230  0.27 0.07 161.4 0.0120 0.0060 1.3 0.09 0.07 86.9 0.0180 0.0240 85.7  34.340 1.301  284.518 29.610  389.2
HOPS-17    05:35:07.185 -05:52:06.07 0.3 341.3 I    43.93 1.13 0.0680  0.0070  0.17 0.10 37.2 0.0050 0.0040 1.9 0.01 0.01 28.5 0.0000 0.0000 0.0  69.786 1.797  130.306 13.414  389.1
HOPS-15    05:36:19.027 -05:55:25.40 0.1 342.0 Flat 4.58 0.60 -99.0000  -99.0000  0.11 0.06 58.7 0.0210 0.0240 17.5 -99.00 -99.00 -99.0 -99.0000 0.0000 0.0  8.739 1.139  -329999.670 -329999.670  388.6
HOPS-16    05:35:00.822 -05:55:26.07 0.6 361.0 Flat 21.64 0.67 -99.0000  -99.0000  0.05 0.03 147.6 0.0110 0.0180 37.1 -99.00 -99.00 -99.0 -99.0000 0.0000 0.0  26.422 0.818  -329999.670 -329999.670  388.6
HOPS-13    05:35:24.581 -05:55:33.74 1.0 383.6 Flat 3.90 0.70 -99.0000  -99.0000  0.19 0.09 30.7 0.0420 0.0330 14.3 -99.00 -99.00 -99.0 -99.0000 0.0000 0.0  4.066 0.731  -329999.670 -329999.670  388.7
HOPS-371   05:35:10.419 -05:55:40.55 0.5 31.6 0    3.66 0.69 0.0339  0.0339  0.13 0.10 113.4 0.0400 0.0490 54.1 -99.00 -99.00 -99.0 -99.0000 -99.0000 3.3  4.727 0.888  54.928 54.928  388.6
HOPS-12-A  05:35:08.631 -05:55:54.64 6.3 42.0 0    33.16 0.73 0.1680  0.0130  0.06 0.05 103.3 0.0050 0.0060 16.4 0.00 0.00 0.0 0.0000 0.0000 0.0  20.128 0.442  142.375 11.017  388.6
HOPS-12-B-B 05:35:08.955 -05:55:54.88 6.3 42.0 0    42.34 0.82 0.4570  0.0160  0.09 0.06 82.5 0.0030 0.0040 5.6 0.05 0.03 66.6 0.0040 0.0110 16.5  25.699 0.498  387.294 13.560  388.6
HOPS-12-B-A 05:35:08.945 -05:55:55.03 6.3 42.0 0    59.90 0.88 0.4740  0.0170  0.09 0.07 76.6 0.0020 0.0030 4.4 0.05 0.05 148.7 0.0070 0.0060 85.6  36.355 0.532  401.701 14.407  388.6
S13-006006 \nodata \nodata -99.0 -99.0 \nodata 0.72 0.72 -99.0000  -99.0000  -99.00 -99.00 -99.0 -99.0000 -99.0000 0.0 -99.00 -99.00 -99.0 -99.0000 0.0000 0.0  0.745 0.745  -329999.670 -329999.670  388.4
HOPS-11    05:35:13.424 -05:57:57.88 7.7 48.8 0    236.58 4.14 0.4020  0.0250  0.13 0.12 94.4 0.0030 0.0030 12.5 0.10 0.08 83.1 0.0140 0.0180 35.9  135.277 2.367  322.867 20.079  388.3
HOPS-10    05:35:09.050 -05:58:26.87 2.8 46.2 0    69.21 1.33 0.4870  0.0220  0.14 0.07 116.6 0.0030 0.0030 1.4 0.08 0.05 124.8 0.0050 0.0130 18.0  52.504 1.012  502.886 22.718  388.2
HOPS-192   05:36:32.472 -06:01:16.45 1.2 202.5 Flat 36.03 1.02 -99.0000  -99.0000  0.11 0.09 31.5 0.0070 0.0070 15.1 -99.00 -99.00 -99.0 -99.0000 0.0000 0.0  35.176 0.994  -329999.670 -329999.670  387.8
HOPS-193-A 05:36:30.282 -06:01:17.11 1.0 226.7 I    8.81 0.53 -99.0000  -99.0000  0.05 0.04 16.5 0.0150 0.0160 79.7 -99.00 -99.00 -99.0 -99.0000 0.0000 0.0  9.140 0.549  -329999.670 -329999.670  387.8
HOPS-193-B 05:36:30.283 -06:01:17.37 1.0 226.7 I    8.68 0.52 -99.0000  -99.0000  0.05 0.02 149.1 0.0130 0.0190 55.0 -99.00 -99.00 -99.0 -99.0000 0.0000 0.0  9.001 0.534  -329999.670 -329999.670  387.8
HOPS-200   05:35:33.214 -06:06:09.62 0.2 244.4 Flat 73.37 2.27 -99.0000  -99.0000  0.46 0.16 84.1 0.0150 0.0050 1.0 -99.00 -99.00 -99.0 -99.0000 0.0000 0.0  117.138 3.632  -329999.670 -329999.670  387.1
HOPS-194   05:35:52.027 -06:10:01.67 10.8 645.0 Flat 270.49 5.46 -99.0000  -99.0000  0.19 0.17 86.5 0.0050 0.0040 9.8 -99.00 -99.00 -99.0 -99.0000 0.0000 0.0  139.554 2.816  -329999.670 -329999.670  386.6
HOPS-191   05:36:17.273 -06:11:11.21 0.5 196.7 I    7.93 0.49 -99.0000  -99.0000  0.05 0.02 139.2 0.0150 0.0240 64.7 -99.00 -99.00 -99.0 -99.0000 0.0000 0.0  10.094 0.621  -329999.670 -329999.670  386.6
HOPS-198   05:35:22.196 -06:13:06.14 0.7 61.4 0    56.26 1.64 0.2170  0.0000  0.41 0.07 158.4 0.0130 0.0050 0.6 0.19 0.13 156.2 0.0200 0.0240 37.6  63.545 1.856  314.365 0.000  386.0
HOPS-185   05:36:36.969 -06:14:58.78 0.9 96.9 I    21.56 1.13 -99.0000  -99.0000  0.27 0.10 94.9 0.0160 0.0080 2.0 -99.00 -99.00 -99.0 -99.0000 0.0000 0.0  22.927 1.199  -329999.670 -329999.670  386.1
HOPS-181-B 05:36:19.655 -06:22:08.95 5.2 131.3 I    19.23 1.45 0.0243  0.0243  0.11 0.08 139.7 0.0170 0.0200 33.2 -99.00 -99.00 -99.0 -99.0000 -99.0000 3.3  12.070 0.908  21.181 21.181  385.1
HOPS-182-A 05:36:18.795 -06:22:10.21 59.8 51.9 0    741.93 7.97 0.7190  0.0290  0.21 0.16 150.8 0.0020 0.0020 2.2 0.12 0.09 10.2 0.0070 0.0050 11.9  238.136 2.557  338.738 13.663  385.1
HOPS-182-B 05:36:18.775 -06:22:11.15 59.8 51.9 0    111.17 4.08 1.2230  0.0190  0.11 0.06 79.4 0.0070 0.0060 4.5 0.06 0.05 86.4 0.0020 0.0030 10.2  35.682 1.311  576.185 8.951  385.1
HOPS-181-A 05:36:19.504 -06:22:11.99 5.2 131.3 I    8.42 0.95 0.3240  0.0160  0.00 0.00 0.0 0.0710 0.0430 0.0 0.04 0.04 87.4 0.0080 0.0150 87.7  5.287 0.594  282.419 13.947  385.1
HOPS-182-C 05:36:18.478 -06:22:13.62 59.8 51.9 0    17.03 3.44 0.1700  0.0160  0.07 0.04 127.1 0.0390 0.0340 77.4 0.06 0.03 162.1 0.0200 0.0140 49.1  5.465 1.103  80.091 7.538  385.1
HOPS-183-B 05:36:17.912 -06:22:27.25 0.2 224.5 Flat 2.10 0.53 0.0312  0.0312  0.09 0.03 117.6 0.0480 0.0560 51.7 -99.00 -99.00 -99.0 -99.0000 -99.0000 3.3  3.289 0.832  58.968 58.968  385.1
HOPS-183-A \nodata \nodata 0.2 224.5 Flat 0.74 0.74 0.2220  0.0160  -99.00 -99.00 -99.0 -99.0000 -99.0000 0.0 0.07 0.02 30.0 0.0120 0.0180 12.3  1.162 1.162  419.578 30.240  385.1
HOPS-178   05:36:24.622 -06:22:41.14 16.8 155.1 I    43.69 0.93 -99.0000  -99.0000  0.10 0.05 60.4 0.0040 0.0030 2.6 -99.00 -99.00 -99.0 -99.0000 0.0000 0.0  19.772 0.423  -329999.670 -329999.670  385.1
HOPS-187   \nodata \nodata 0.2 1210.9 Flat 0.60 0.60 -99.0000  -99.0000  -99.00 -99.00 -99.0 -99.0000 -99.0000 0.0 -99.00 -99.00 -99.0 -99.0000 0.0000 0.0  0.987 0.987  -329999.670 -329999.670  384.8
HOPS-179   05:36:21.876 -06:23:29.91 1.6 467.5 Flat 97.47 1.95 -99.0000  -99.0000  0.13 0.12 56.0 0.0040 0.0040 73.6 -99.00 -99.00 -99.0 -99.0000 0.0000 0.0  86.863 1.738  -329999.670 -329999.670  385.0
HOPS-176   05:36:23.603 -06:24:51.48 1.3 312.2 Flat 1.96 0.75 0.1980  0.0210  0.18 0.09 148.5 0.1000 0.1020 48.9 0.06 0.05 160.7 0.0180 0.0240 80.4  1.845 0.712  246.334 26.126  384.9
HOPS-175   \nodata \nodata 0.3 104.3 I    0.63 0.63 0.0300  0.0300  -99.00 -99.00 -99.0 -99.0000 -99.0000 0.0 -99.00 -99.00 -99.0 -99.0000 -99.0000 3.3  0.950 0.950  54.926 54.926  384.9
HOPS-174   05:36:25.868 -06:24:58.67 1.7 350.3 Flat 76.96 1.70 0.1130  0.0080  0.16 0.15 128.1 0.0050 0.0050 60.9 0.00 0.00 0.0 0.0000 0.0000 0.0  67.016 1.480  131.232 9.291  384.9
HOPS-380   \nodata \nodata 0.5 36.6 0    0.72 0.72 -99.0000  -99.0000  -99.00 -99.00 -99.0 -99.0000 -99.0000 0.0 -99.00 -99.00 -99.0 -99.0000 0.0000 0.0  0.891 0.891  -329999.670 -329999.670  384.9
HOPS-173-A 05:36:26.041 -06:25:05.09 0.8 60.2 0    4.66 0.66 0.0360  0.0080  0.11 0.06 48.1 0.0240 0.0310 20.1 0.00 0.00 0.0 0.0000 0.0000 0.0  5.090 0.715  50.627 11.250  384.9
HOPS-173-B 05:36:26.051 -06:25:05.31 0.8 60.2 0    2.79 0.53 0.0350  0.0080  0.00 0.00 0.0 0.1100 0.0460 0.0 0.00 0.00 0.0 0.0000 0.0000 0.0  3.046 0.575  49.220 11.250  384.9
QSOJ0536225-0625136 05:36:22.551 -06:25:13.63 -99.0 -99.0 \nodata -99.00 -99.00 2.6250  0.0140  -99.00 -99.00 -99.0 -99.0000 0.0000 0.0 0.00 0.00 0.0 0.0000 0.0000 0.0  -329999.670 -329999.670  3475.651 18.537  384.9
HOPS-199   05:34:39.887 -06:25:14.02 0.2 576.7 Flat 32.34 2.33 -99.0000  -99.0000  0.91 0.14 38.7 0.0720 0.0130 1.0 -99.00 -99.00 -99.0 -99.0000 0.0000 0.0  59.830 4.320  -329999.670 -329999.670  385.3
HOPS-186   05:35:47.306 -06:26:14.71 0.4 72.3 I    56.63 1.86 0.2080  0.0400  0.51 0.10 132.3 0.0180 0.0060 0.7 0.22 0.10 131.1 0.0460 0.0320 12.5  75.806 2.484  345.845 66.509  384.3
HOPS-189   05:35:30.921 -06:26:32.00 1.0 133.1 I    5.33 0.57 0.0318  0.0318  0.08 0.05 31.2 0.0260 0.0320 48.5 -99.00 -99.00 -99.0 -99.0000 -99.0000 3.3  5.324 0.574  41.525 41.525  384.3
HOPS-188   05:35:29.844 -06:26:58.13 15.7 103.3 I    677.58 14.17 1.3990  0.0260  0.38 0.22 75.0 0.0080 0.0050 1.4 0.11 0.08 64.0 0.0040 0.0030 4.8  310.920 6.502  918.149 17.064  384.2
HOPS-190   \nodata \nodata 0.3 385.3 I    0.71 0.71 0.0272  0.0272  -99.00 -99.00 -99.0 -99.0000 -99.0000 0.0 -99.00 -99.00 -99.0 -99.0000 -99.0000 3.3  1.019 1.019  47.774 47.774  384.2
HOPS-172   05:36:19.463 -06:29:06.91 0.6 149.8 I    11.06 0.71 -99.0000  -99.0000  0.12 0.08 105.2 0.0100 0.0100 11.7 -99.00 -99.00 -99.0 -99.0000 0.0000 0.0  13.440 0.862  -329999.670 -329999.670  384.4
HOPS-379   \nodata \nodata 0.0 114.2 I    0.68 0.68 -99.0000  -99.0000  -99.00 -99.00 -99.0 -99.0000 -99.0000 0.0 -99.00 -99.00 -99.0 -99.0000 0.0000 0.0  2.875 2.875  -329999.670 -329999.670  385.3
HOPS-170-B 05:36:41.322 -06:33:59.26 2.1 832.5 Flat 49.73 1.66 -99.0000  -99.0000  0.13 0.12 144.6 0.0070 0.0070 69.1 -99.00 -99.00 -99.0 -99.0000 0.0000 0.0  40.320 1.346  -329999.670 -329999.670  384.2
HOPS-170-A 05:36:41.368 -06:34:00.75 2.1 832.5 Flat 72.40 1.82 -99.0000  -99.0000  0.14 0.14 167.0 0.0050 0.0050 82.5 -99.00 -99.00 -99.0 -99.0000 0.0000 0.0  58.705 1.478  -329999.670 -329999.670  384.2
HOPS-197   05:34:15.897 -06:34:32.66 0.2 506.6 Flat 4.29 0.57 -99.0000  -99.0000  0.06 0.06 21.8 0.0290 0.0490 82.6 -99.00 -99.00 -99.0 -99.0000 0.0000 0.0  7.629 1.005  -329999.670 -329999.670  385.1
HOPS-177   05:35:50.017 -06:34:53.47 0.4 84.7 I    2.81 0.75 -99.0000  -99.0000  0.19 0.03 26.4 0.0760 0.0950 24.7 -99.00 -99.00 -99.0 -99.0000 0.0000 0.0  3.912 1.045  -329999.670 -329999.670  383.6
HOPS-163-B 05:37:17.329 -06:36:18.10 0.8 432.3 I    1.70 0.25 -99.0000  -99.0000  0.00 0.00 0.0 0.0000 0.0000 0.0 -99.00 -99.00 -99.0 -99.0000 0.0000 0.0  1.888 0.280  -329999.670 -329999.670  385.7
HOPS-163-A 05:37:17.277 -06:36:18.19 0.8 432.3 I    78.06 3.30 -99.0000  -99.0000  0.79 0.28 60.4 0.0340 0.0120 1.4 -99.00 -99.00 -99.0 -99.0000 0.0000 0.0  86.592 3.663  -329999.670 -329999.670  385.7
HOPS-164   05:37:00.425 -06:37:10.89 0.5 50.0 0    105.50 2.24 0.5920  0.0220  0.22 0.14 150.8 0.0050 0.0030 2.0 0.10 0.07 141.8 0.0060 0.0060 7.4  133.535 2.834  941.153 34.975  385.0
HOPS-171   05:36:17.208 -06:38:01.51 1.5 61.8 0    30.64 1.07 0.1730  0.0220  0.30 0.05 111.2 0.0120 0.0060 0.7 0.18 0.04 105.8 0.0000 0.0000 0.0  27.120 0.946  203.528 25.882  383.4
HOPS-169   05:36:36.160 -06:38:54.35 3.3 32.5 0    166.18 3.38 0.2820  0.0230  0.17 0.13 61.5 0.0050 0.0050 5.7 0.09 0.05 61.7 0.0120 0.0170 32.7  118.523 2.414  275.108 22.438  384.0
HOPS-166   05:36:25.131 -06:44:41.83 12.9 457.1 Flat 239.25 4.45 -99.0000  -99.0000  0.16 0.15 92.9 0.0050 0.0050 77.3 -99.00 -99.00 -99.0 -99.0000 0.0000 0.0  115.588 2.148  -329999.670 -329999.670  383.5
HOPS-168-B 05:36:18.952 -06:45:23.48 40.0 54.0 0    42.05 3.05 0.7460  0.0230  0.13 0.09 127.1 0.0120 0.0110 12.5 0.10 0.04 4.8 0.0060 0.0050 3.3  14.892 1.080  385.095 11.873  383.3
HOPS-168-A 05:36:18.941 -06:45:23.58 40.0 54.0 0    140.11 2.27 1.1540  0.0210  0.07 0.06 72.8 0.0030 0.0030 11.5 0.05 0.04 151.9 0.0030 0.0050 23.3  49.617 0.803  595.710 10.840  383.3
QSOJ0536187-0625454 05:36:18.751 -06:45:25.44 -99.0 -99.0 \nodata -99.00 -99.00 0.4690  0.0160  -99.00 -99.00 -99.0 -99.0000 0.0000 0.0 0.00 0.00 0.0 0.0310 0.0210 0.0  -329999.670 -329999.670  615.904 21.012  383.3
HOPS-167   05:36:19.808 -06:46:00.82 0.1 568.6 Flat 2.07 0.40 0.0507  0.0507  0.05 0.02 84.1 0.0320 0.0430 170.4 -99.00 -99.00 -99.0 -99.0000 -99.0000 3.3  3.837 0.751  108.880 108.880  383.3
HOPS-203-A 05:36:22.865 -06:46:06.63 17.0 43.7 0    61.73 1.10 0.9950  0.0220  0.18 0.07 50.2 0.0040 0.0030 1.1 0.19 0.05 142.9 0.0050 0.0040 1.0  27.607 0.493  637.632 14.098  383.5
HOPS-203-B 05:36:22.862 -06:46:06.75 17.0 43.7 0    7.87 0.33 0.1360  0.0060  0.00 0.00 0.0 0.0000 0.0000 0.0 0.00 0.00 0.0 0.0000 0.0000 0.0  3.519 0.149  87.154 3.845  383.5
HOPS-203-C 05:36:22.898 -06:46:09.47 17.0 43.7 0    74.08 0.84 0.5410  0.0130  0.10 0.06 175.4 0.0020 0.0030 3.8 0.06 0.06 90.9 0.0050 0.0060 79.2  33.132 0.375  346.692 8.331  383.5
HOPS-165   05:36:23.539 -06:46:14.52 2.8 96.1 I    144.88 3.11 0.5190  0.0170  0.29 0.12 95.2 0.0070 0.0030 0.9 0.10 0.06 98.7 0.0060 0.0080 7.9  107.308 2.303  523.226 17.138  383.5
HOPS-378   \nodata \nodata 0.3 170.4 I    0.71 0.71 -99.0000  -99.0000  -99.00 -99.00 -99.0 -99.0000 -99.0000 0.0 -99.00 -99.00 -99.0 -99.0000 0.0000 0.0  1.075 1.075  -329999.670 -329999.670  383.6
HOPS-159   05:37:53.764 -06:47:17.07 0.4 498.4 Flat 2.06 0.49 -99.0000  -99.0000  0.00 0.00 0.0 0.1730 0.0590 0.0 -99.00 -99.00 -99.0 -99.0000 0.0000 0.0  2.859 0.674  -329999.670 -329999.670  387.4
HOPS-160   05:37:51.056 -06:47:20.64 1.2 80.4 I    21.53 0.57 0.0910  0.0070  0.08 0.02 70.4 0.0040 0.0130 3.4 0.02 0.02 127.5 0.0000 0.0000 0.0  21.175 0.562  117.477 9.037  387.3
S13-038002 \nodata \nodata -99.0 -99.0 \nodata 0.72 0.72 -99.0000  -99.0000  -99.00 -99.00 -99.0 -99.0000 -99.0000 0.0 -99.00 -99.00 -99.0 -99.0000 0.0000 0.0  0.724 0.724  -329999.670 -329999.670  383.0
HOPS-355   05:37:17.123 -06:49:49.12 1.0 44.9 0    16.26 0.65 0.1140  0.0180  0.08 0.07 6.4 0.0090 0.0120 74.7 0.07 0.04 127.1 0.0330 0.0330 67.2  16.633 0.667  151.960 23.994  385.8
HOPS-147   \nodata \nodata 0.1 619.6 Flat 0.57 0.57 -99.0000  -99.0000  -99.00 -99.00 -99.0 -99.0000 -99.0000 0.0 -99.00 -99.00 -99.0 -99.0000 0.0000 0.0  1.250 1.250  -329999.670 -329999.670  390.6
HOPS-157   05:37:56.574 -06:56:39.47 3.3 77.6 I    58.87 3.32 -99.0000  -99.0000  0.53 0.46 15.8 0.0300 0.0260 17.6 -99.00 -99.00 -99.0 -99.0000 0.0000 0.0  42.839 2.418  -329999.670 -329999.670  387.7
HOPS-156   05:38:03.430 -06:58:15.89 0.2 90.1 I    11.37 0.57 -99.0000  -99.0000  0.08 0.05 24.7 0.0080 0.0090 11.2 -99.00 -99.00 -99.0 -99.0000 0.0000 0.0  18.702 0.936  -329999.670 -329999.670  388.1
HOPS-149-B 05:38:40.472 -06:58:19.22 9.9 484.6 Flat 72.82 3.31 -99.0000  -99.0000  0.12 0.11 39.6 0.0080 0.0080 34.8 -99.00 -99.00 -99.0 -99.0000 0.0000 0.0  39.143 1.781  -329999.670 -329999.670  389.9
HOPS-149-A 05:38:40.496 -06:58:21.99 9.9 484.6 Flat 289.47 6.21 -99.0000  -99.0000  0.24 0.22 49.7 0.0050 0.0050 8.9 -99.00 -99.00 -99.0 -99.0000 0.0000 0.0  155.593 3.336  -329999.670 -329999.670  389.9
HOPS-158-A 05:37:24.473 -06:58:32.90 2.3 591.6 Flat 4.21 0.45 -99.0000  -99.0000  0.05 0.01 37.6 0.0160 0.0310 25.1 -99.00 -99.00 -99.0 -99.0000 0.0000 0.0  3.381 0.361  -329999.670 -329999.670  386.2
HOPS-158-B 05:37:24.480 -06:58:32.95 2.3 591.6 Flat 4.39 0.51 -99.0000  -99.0000  0.08 0.02 71.1 0.0180 0.0230 14.0 -99.00 -99.00 -99.0 -99.0000 0.0000 0.0  3.524 0.408  -329999.670 -329999.670  386.2
HOPS-154   05:38:20.113 -06:59:04.78 0.1 166.7 I    2.86 0.87 -99.0000  -99.0000  0.24 0.11 12.3 0.0910 0.0760 26.7 -99.00 -99.00 -99.0 -99.0000 0.0000 0.0  6.456 1.957  -329999.670 -329999.670  388.9
HOPS-148   05:38:39.523 -06:59:30.23 0.4 262.9 I    1.63 0.49 -99.0000  -99.0000  0.00 0.00 0.0 0.2120 0.0420 0.0 -99.00 -99.00 -99.0 -99.0000 0.0000 0.0  2.326 0.706  -329999.670 -329999.670  389.9
HOPS-142   \nodata \nodata 0.0 231.8 I    0.62 0.62 -99.0000  -99.0000  -99.00 -99.00 -99.0 -99.0000 -99.0000 0.0 -99.00 -99.00 -99.0 -99.0000 0.0000 0.0  2.018 2.018  -329999.670 -329999.670  390.3
HOPS-143   05:38:46.193 -07:00:48.47 3.7 242.1 I    15.63 0.48 -99.0000  -99.0000  0.05 0.02 25.8 0.0060 0.0120 13.9 -99.00 -99.00 -99.0 -99.0000 0.0000 0.0  11.111 0.339  -329999.670 -329999.670  390.3
HOPS-141   \nodata \nodata 0.1 741.6 Flat 0.61 0.61 -99.0000  -99.0000  -99.00 -99.00 -99.0 -99.0000 -99.0000 0.0 -99.00 -99.00 -99.0 -99.0000 0.0000 0.0  1.222 1.222  -329999.670 -329999.670  390.4
HOPS-144   05:38:45.024 -07:01:01.69 1.9 99.2 I    18.54 0.57 -99.0000  -99.0000  0.10 0.05 101.7 0.0050 0.0060 4.2 -99.00 -99.00 -99.0 -99.0000 0.0000 0.0  16.091 0.495  -329999.670 -329999.670  390.2
HOPS-377   05:38:45.536 -07:01:01.98 3.3 53.7 0    19.77 0.94 -99.0000  -99.0000  0.17 0.09 145.2 0.0100 0.0090 4.8 -99.00 -99.00 -99.0 -99.0000 0.0000 0.0  14.510 0.691  -329999.670 -329999.670  390.2
HOPS-145-B 05:38:43.203 -07:01:07.39 1.8 133.7 I    11.01 0.76 -99.0000  -99.0000  0.11 0.10 44.6 0.0120 0.0120 38.5 -99.00 -99.00 -99.0 -99.0000 0.0000 0.0  9.643 0.666  -329999.670 -329999.670  390.2
HOPS-145-A 05:38:43.851 -07:01:13.10 1.8 133.7 I    35.93 0.72 -99.0000  -99.0000  0.15 0.05 40.9 0.0040 0.0040 1.0 -99.00 -99.00 -99.0 -99.0000 0.0000 0.0  31.459 0.628  -329999.670 -329999.670  390.2
HOPS-139   05:38:49.626 -07:01:17.63 2.5 84.3 I    20.50 0.70 -99.0000  -99.0000  0.12 0.05 28.7 0.0060 0.0060 2.4 -99.00 -99.00 -99.0 -99.0000 0.0000 0.0  16.360 0.557  -329999.670 -329999.670  390.5
HOPS-140-C 05:38:46.282 -07:01:51.38 0.5 137.2 I    3.68 0.67 -99.0000  -99.0000  0.14 0.06 2.8 0.0330 0.0390 13.9 -99.00 -99.00 -99.0 -99.0000 0.0000 0.0  4.725 0.855  -329999.670 -329999.670  390.3
HOPS-140-B 05:38:46.274 -07:01:53.62 0.5 137.2 I    101.53 5.91 -99.0000  -99.0000  1.54 0.58 72.2 0.0900 0.0340 2.0 -99.00 -99.00 -99.0 -99.0000 0.0000 0.0  130.388 7.593  -329999.670 -329999.670  390.3
HOPS-140-A 05:38:45.717 -07:01:58.54 0.5 137.2 I    32.59 0.67 -99.0000  -99.0000  0.12 0.08 178.6 0.0030 0.0030 3.1 -99.00 -99.00 -99.0 -99.0000 0.0000 0.0  41.861 0.860  -329999.670 -329999.670  390.3
HOPS-376   05:38:18.099 -07:02:25.95 186.7 492.0 Flat 1199.52 25.55 0.8800  0.0150  0.37 0.30 32.6 0.0080 0.0070 4.4 0.08 0.06 19.7 0.0030 0.0020 4.5  290.000 6.176  317.347 5.409  388.8
HOPS-137   \nodata \nodata 0.1 43.7 0    0.62 0.62 -99.0000  -99.0000  -99.00 -99.00 -99.0 -99.0000 -99.0000 0.0 -99.00 -99.00 -99.0 -99.0000 0.0000 0.0  1.234 1.234  -329999.670 -329999.670  390.9
HOPS-138-A 05:38:48.317 -07:02:43.68 0.1 42.8 0    4.87 0.63 -99.0000  -99.0000  0.14 0.08 78.6 0.0250 0.0250 13.4 -99.00 -99.00 -99.0 -99.0000 0.0000 0.0  10.673 1.373  -329999.670 -329999.670  390.5
HOPS-138-B 05:38:48.338 -07:02:43.68 0.1 42.8 0    0.97 0.19 -99.0000  -99.0000  0.00 0.00 0.0 0.0000 0.0000 0.0 -99.00 -99.00 -99.0 -99.0000 0.0000 0.0  2.116 0.423  -329999.670 -329999.670  390.5
HOPS-136   05:38:46.529 -07:05:37.41 0.6 161.7 I    73.80 2.46 -99.0000  -99.0000  1.20 0.11 113.8 0.0460 0.0050 0.3 -99.00 -99.00 -99.0 -99.0000 0.0000 0.0  90.293 3.011  -329999.670 -329999.670  390.6
HOPS-153   05:37:57.023 -07:06:56.27 3.8 39.4 0    148.10 3.00 0.6380  0.0240  0.39 0.10 32.4 0.0090 0.0030 0.5 0.14 0.05 34.1 0.0070 0.0050 2.4  103.360 2.092  612.089 23.025  387.9
HOPS-152   05:37:58.748 -07:07:25.73 0.6 53.8 0    17.17 0.52 0.1330  0.0120  0.05 0.04 86.0 0.0060 0.0070 18.5 0.00 0.00 0.0 0.0000 0.0000 0.0  20.745 0.633  204.105 18.415  388.0
HOPS-150-A 05:38:07.530 -07:08:29.01 3.2 245.2 Flat 22.78 0.55 -99.0000  -99.0000  0.05 0.03 135.2 0.0040 0.0080 8.3 -99.00 -99.00 -99.0 -99.0000 0.0000 0.0  16.696 0.400  -329999.670 -329999.670  388.5
HOPS-150-B 05:38:07.530 -07:08:32.23 3.2 245.2 Flat 5.09 0.74 -99.0000  -99.0000  0.09 0.07 70.9 0.0240 0.0220 43.6 -99.00 -99.00 -99.0 -99.0000 0.0000 0.0  3.733 0.544  -329999.670 -329999.670  388.5
HOPS-129   05:39:11.868 -07:10:34.88 1.5 191.3 Flat 54.86 1.02 -99.0000  -99.0000  0.10 0.06 44.5 0.0030 0.0030 3.0 -99.00 -99.00 -99.0 -99.0000 0.0000 0.0  51.959 0.964  -329999.670 -329999.670  393.8
HOPS-133   05:39:05.834 -07:10:39.24 2.9 74.6 I    14.48 0.58 0.1520  0.0220  0.10 0.04 6.3 0.0060 0.0090 3.6 0.09 0.07 39.2 0.0280 0.0250 86.5  11.216 0.453  160.319 23.204  393.1
HOPS-131   05:39:07.579 -07:10:52.22 0.1 82.3 I    16.00 0.95 0.0229  0.0229  0.20 0.10 12.1 0.0130 0.0080 3.3 -99.00 -99.00 -99.0 -99.0000 -99.0000 3.3  31.935 1.902  52.631 52.631  393.4
HOPS-135   05:38:45.328 -07:10:56.04 1.0 130.3 I    49.45 0.98 -99.0000  -99.0000  0.11 0.06 24.8 0.0030 0.0030 2.1 -99.00 -99.00 -99.0 -99.0000 0.0000 0.0  52.096 1.032  -329999.670 -329999.670  391.1
HOPS-132   05:39:05.371 -07:11:05.17 1.5 616.3 Flat 8.34 0.44 0.1050  0.0080  0.04 0.02 122.9 0.0100 0.0150 33.6 0.03 0.02 30.9 0.0000 0.0000 0.0  7.849 0.412  131.135 9.991  393.2
HOPS-134   05:38:42.791 -07:12:43.82 6.7 781.9 Flat 38.04 0.72 -99.0000  -99.0000  0.06 0.05 20.2 0.0030 0.0040 35.7 -99.00 -99.00 -99.0 -99.0000 0.0000 0.0  22.911 0.433  -329999.670 -329999.670  391.2
HOPS-130   05:39:02.979 -07:12:52.20 1.3 156.7 I    170.74 3.63 -99.0000  -99.0000  0.46 0.15 174.4 0.0100 0.0040 0.6 -99.00 -99.00 -99.0 -99.0000 0.0000 0.0  167.598 3.565  -329999.670 -329999.670  393.2
HOPS-396   \nodata \nodata 0.0 58.7 0    0.69 0.69 -99.0000  -99.0000  -99.00 -99.00 -99.0 -99.0000 -99.0000 0.0 -99.00 -99.00 -99.0 -99.0000 0.0000 0.0  2.624 2.624  -329999.670 -329999.670  394.5
HOPS-122   05:39:45.139 -07:19:13.43 0.0 246.0 I    7.62 1.08 -99.0000  -99.0000  0.27 0.11 9.9 0.0410 0.0210 5.7 -99.00 -99.00 -99.0 -99.0000 0.0000 0.0  30.862 4.393  -329999.670 -329999.670  400.1
HOPS-127   05:39:00.972 -07:20:22.55 0.3 133.3 I    8.93 0.46 -99.0000  -99.0000  0.05 0.03 36.7 0.0110 0.0190 38.3 -99.00 -99.00 -99.0 -99.0000 0.0000 0.0  13.216 0.674  -329999.670 -329999.670  394.5
HOPS-375   \nodata \nodata 0.0 695.2 I    0.72 0.72 -99.0000  -99.0000  -99.00 -99.00 -99.0 -99.0000 -99.0000 0.0 -99.00 -99.00 -99.0 -99.0000 0.0000 0.0  2.936 2.936  -329999.670 -329999.670  396.5
HOPS-128-A 05:38:52.015 -07:21:05.87 0.7 469.2 Flat 14.18 0.58 -99.0000  -99.0000  0.10 0.05 84.7 0.0060 0.0070 5.4 -99.00 -99.00 -99.0 -99.0000 0.0000 0.0  16.717 0.684  -329999.670 -329999.670  393.6
HOPS-128-B 05:38:52.378 -07:21:09.32 0.7 469.2 Flat 11.37 0.54 -99.0000  -99.0000  0.08 0.06 103.7 0.0070 0.0080 14.1 -99.00 -99.00 -99.0 -99.0000 0.0000 0.0  13.405 0.642  -329999.670 -329999.670  393.6
HOPS-123   05:39:33.286 -07:22:57.45 0.4 50.1 0    88.23 2.07 0.1980  0.0220  0.26 0.15 28.8 0.0060 0.0040 1.7 0.16 0.05 23.2 0.0260 0.0100 4.4  130.836 3.068  362.802 40.311  399.0
HOPS-121   \nodata \nodata 0.3 34.8 0    0.64 0.64 -99.0000  -99.0000  -99.00 -99.00 -99.0 -99.0000 -99.0000 0.0 -99.00 -99.00 -99.0 -99.0000 0.0000 0.0  1.068 1.068  -329999.670 -329999.670  399.1
HOPS-119   05:39:50.689 -07:23:30.58 1.0 573.8 Flat 2.49 0.63 -99.0000  -99.0000  0.18 0.06 67.5 0.0570 0.0380 13.9 -99.00 -99.00 -99.0 -99.0000 0.0000 0.0  2.794 0.704  -329999.670 -329999.670  402.3
HOPS-408   05:39:30.904 -07:23:59.67 0.5 37.9 0    90.36 2.49 0.2110  0.0170  0.28 0.24 157.5 0.0080 0.0080 9.2 0.07 0.05 141.4 0.0150 0.0320 39.1  124.462 3.432  364.113 29.336  398.9
HOPS-118   05:39:54.605 -07:24:14.97 0.3 552.8 Flat 3.39 0.50 -99.0000  -99.0000  0.10 0.06 73.7 0.0290 0.0440 26.2 -99.00 -99.00 -99.0 -99.0000 0.0000 0.0  5.788 0.853  -329999.670 -329999.670  403.4
HOPS-117   05:39:55.460 -07:24:19.48 0.1 277.0 Flat 40.45 1.66 -99.0000  -99.0000  0.37 0.16 120.6 0.0160 0.0070 1.8 -99.00 -99.00 -99.0 -99.0000 0.0000 0.0  93.723 3.848  -329999.670 -329999.670  403.6
HOPS-395-A 05:39:17.092 -07:24:24.55 0.4 31.7 0    12.19 0.61 0.2130  0.0260  0.02 0.02 79.9 0.0000 0.0000 0.0 0.12 0.08 88.6 0.0220 0.0380 88.1  16.934 0.845  369.635 45.120  397.2
HOPS-395-B 05:39:17.081 -07:24:24.57 0.4 31.7 0    4.98 0.61 0.2370  0.0180  0.02 0.02 79.9 0.0000 0.0000 0.0 0.07 0.04 51.6 0.0150 0.0240 24.9  6.916 0.845  411.284 31.237  397.2
HOPS-116   05:39:57.912 -07:25:13.09 0.3 411.1 Flat 22.62 0.72 -99.0000  -99.0000  0.12 0.06 139.8 0.0050 0.0050 2.8 -99.00 -99.00 -99.0 -99.0000 0.0000 0.0  38.013 1.205  -329999.670 -329999.670  404.4
HOPS-114   05:40:01.391 -07:25:38.76 0.0 117.3 I    3.75 0.50 -99.0000  -99.0000  0.10 0.06 10.5 0.0240 0.0310 89.8 -99.00 -99.00 -99.0 -99.0000 0.0000 0.0  11.934 1.603  -329999.670 -329999.670  405.3
HOPS-115   05:39:56.542 -07:25:51.62 0.3 461.3 Flat 4.49 0.51 -99.0000  -99.0000  0.10 0.06 136.3 0.0210 0.0260 25.4 -99.00 -99.00 -99.0 -99.0000 0.0000 0.0  7.398 0.832  -329999.670 -329999.670  404.2
HOPS-124   05:39:19.911 -07:26:11.23 52.3 44.8 0    1232.89 25.04 1.4540  0.0310  0.35 0.25 3.3 0.0070 0.0050 2.3 0.13 0.09 73.7 0.0040 0.0060 9.3  437.963 8.894  756.470 16.128  398.0
HOPS-120   05:39:34.324 -07:26:11.29 0.3 455.3 Flat 3.39 0.66 -99.0000  -99.0000  0.16 0.10 93.5 0.0400 0.0370 19.6 -99.00 -99.00 -99.0 -99.0000 0.0000 0.0  5.463 1.067  -329999.670 -329999.670  400.0
HOPS-125   05:39:19.540 -07:26:17.13 8.6 110.5 Flat 13.42 1.95 0.2460  0.0190  0.07 0.06 133.4 0.0260 0.0360 90.0 0.09 0.04 20.3 0.0150 0.0170 13.6  7.815 1.136  201.800 15.586  398.0
HOPS-287   05:40:08.789 -07:27:27.91 0.7 117.8 I    102.19 2.50 -99.0000  -99.0000  0.39 0.14 58.8 0.0100 0.0040 0.8 -99.00 -99.00 -99.0 -99.0000 0.0000 0.0  129.126 3.155  -329999.670 -329999.670  407.6
HOPS-291   05:39:57.954 -07:28:57.62 0.1 340.1 Flat 14.55 0.64 0.0255  0.0255  0.09 0.06 153.7 0.0090 0.0120 16.0 -99.00 -99.00 -99.0 -99.0000 -99.0000 3.3  36.051 1.596  69.984 69.984  405.5
HOPS-290-B 05:39:57.329 -07:29:32.71 1.7 47.3 0    69.14 2.25 0.0350  0.0070  0.50 0.11 137.7 0.0180 0.0060 0.7 0.00 0.00 0.0 0.0000 0.0000 0.0  66.273 2.159  44.798 8.960  405.5
HOPS-285   \nodata \nodata 0.1 66.5 0    0.70 0.70 -99.0000  -99.0000  -99.00 -99.00 -99.0 -99.0000 -99.0000 0.0 -99.00 -99.00 -99.0 -99.0000 0.0000 0.0  1.518 1.518  -329999.670 -329999.670  407.5
HOPS-290-A 05:39:57.377 -07:29:33.10 1.7 47.3 0    27.44 1.02 0.1370  0.0140  0.10 0.09 8.0 0.0090 0.0100 72.3 0.04 0.02 57.3 0.0180 0.0200 44.2  26.303 0.974  175.351 17.919  405.5
HOPS-288-A-A 05:39:56.001 -07:30:27.57 126.3 48.6 0    902.37 19.14 1.3380  0.0240  0.42 0.18 145.6 0.0090 0.0040 0.9 0.09 0.07 99.7 0.0020 0.0030 10.8  263.079 5.581  578.952 10.385  405.5
HOPS-288-A-B 05:39:56.006 -07:30:27.70 126.3 48.6 0    -99.00 -99.00 0.5350  0.0240  -99.00 -99.00 -99.0 -99.0000 0.0000 0.0 0.10 0.06 135.9 0.0070 0.0090 8.6  -329999.670 -329999.670  231.494 10.385  405.5
HOPS-288-B 05:39:56.033 -07:30:27.96 126.3 48.6 0    156.67 10.67 0.4170  0.0250  0.22 0.10 121.2 0.0170 0.0110 3.9 0.11 0.05 126.2 0.0090 0.0120 7.3  45.677 3.110  180.436 10.817  405.5
HOPS-286   \nodata \nodata 0.5 123.7 I    0.69 0.69 -99.0000  -99.0000  -99.00 -99.00 -99.0 -99.0000 -99.0000 0.0 -99.00 -99.00 -99.0 -99.0000 0.0000 0.0  0.939 0.939  -329999.670 -329999.670  406.3
HOPS-282-A 05:40:26.091 -07:37:32.08 0.8 95.1 I    10.65 0.50 -99.0000  -99.0000  0.04 0.03 113.4 0.0140 0.0260 64.9 -99.00 -99.00 -99.0 -99.0000 0.0000 0.0  13.459 0.637  -329999.670 -329999.670  414.7
HOPS-282-B 05:40:26.080 -07:37:32.10 0.8 95.1 I    1.88 0.44 -99.0000  -99.0000  0.00 0.00 0.0 0.0000 0.0000 0.0 -99.00 -99.00 -99.0 -99.0000 0.0000 0.0  2.378 0.555  -329999.670 -329999.670  414.7
HOPS-281-A 05:40:24.648 -07:43:08.15 1.3 189.3 Flat 66.24 1.27 -99.0000  -99.0000  0.09 0.08 103.9 0.0040 0.0040 43.3 -99.00 -99.00 -99.0 -99.0000 0.0000 0.0  73.411 1.405  -329999.670 -329999.670  416.1
HOPS-281-B 05:40:24.600 -07:43:08.37 1.3 189.3 Flat 1.28 0.46 -99.0000  -99.0000  0.00 0.00 0.0 0.0000 0.0000 0.0 -99.00 -99.00 -99.0 -99.0000 0.0000 0.0  1.421 0.508  -329999.670 -329999.670  416.1
HOPS-276   05:40:42.924 -07:45:01.98 0.2 303.8 I    2.78 0.44 -99.0000  -99.0000  0.00 0.00 0.0 0.0650 0.0320 0.0 -99.00 -99.00 -99.0 -99.0000 0.0000 0.0  6.140 0.971  -329999.670 -329999.670  421.0
HOPS-279   05:40:17.806 -07:48:25.84 5.8 382.0 Flat 59.31 1.13 -99.0000  -99.0000  0.10 0.05 129.5 0.0040 0.0040 3.9 -99.00 -99.00 -99.0 -99.0000 0.0000 0.0  42.077 0.802  -329999.670 -329999.670  416.1
HOPS-280   05:40:14.953 -07:48:48.64 3.2 121.2 I    91.72 1.69 -99.0000  -99.0000  0.13 0.07 59.4 0.0030 0.0030 1.8 -99.00 -99.00 -99.0 -99.0000 0.0000 0.0  76.925 1.417  -329999.670 -329999.670  415.5
HOPS-275   05:40:36.328 -07:49:07.11 0.1 146.4 I    2.92 0.51 -99.0000  -99.0000  0.10 0.03 177.2 0.0250 0.0480 35.3 -99.00 -99.00 -99.0 -99.0000 0.0000 0.0  6.915 1.201  -329999.670 -329999.670  420.7
HOPS-271   \nodata \nodata 0.1 108.4 I    0.69 0.69 -99.0000  -99.0000  -99.00 -99.00 -99.0 -99.0000 -99.0000 0.0 -99.00 -99.00 -99.0 -99.0000 0.0000 0.0  1.981 1.981  -329999.670 -329999.670  422.4
HOPS-267   05:41:19.675 -07:50:41.03 1.1 186.2 I    32.05 0.71 -99.0000  -99.0000  0.06 0.04 145.7 0.0050 0.0080 18.5 -99.00 -99.00 -99.0 -99.0000 0.0000 0.0  39.316 0.870  -329999.670 -329999.670  428.9
HOPS-278   05:40:20.379 -07:51:15.00 0.2 96.3 I    7.34 0.84 -99.0000  -99.0000  0.14 0.10 45.9 0.0240 0.0230 56.3 -99.00 -99.00 -99.0 -99.0000 0.0000 0.0  14.322 1.647  -329999.670 -329999.670  417.6
HOPS-265   05:41:20.350 -07:53:10.71 0.1 635.1 Flat 12.50 0.75 -99.0000  -99.0000  0.10 0.10 20.1 0.0140 0.0160 77.1 -99.00 -99.00 -99.0 -99.0000 0.0000 0.0  29.477 1.779  -329999.670 -329999.670  429.5
HOPS-266   \nodata \nodata 0.0 190.7 Flat 0.69 0.69 -99.0000  -99.0000  -99.00 -99.00 -99.0 -99.0000 -99.0000 0.0 -99.00 -99.00 -99.0 -99.0000 0.0000 0.0  2.687 2.687  -329999.670 -329999.670  428.5
HOPS-262   05:41:23.979 -07:53:42.21 0.9 202.4 Flat 14.67 0.60 -99.0000  -99.0000  0.08 0.07 66.7 0.0080 0.0080 77.9 -99.00 -99.00 -99.0 -99.0000 0.0000 0.0  19.136 0.787  -329999.670 -329999.670  430.0
HOPS-263   05:41:23.691 -07:53:46.76 0.7 145.1 I    35.74 1.12 -99.0000  -99.0000  0.18 0.15 103.9 0.0070 0.0070 16.6 -99.00 -99.00 -99.0 -99.0000 0.0000 0.0  49.469 1.554  -329999.670 -329999.670  430.0
HOPS-253   05:41:28.784 -07:53:51.04 0.7 321.1 Flat 87.00 2.05 -99.0000  -99.0000  0.19 0.16 116.3 0.0060 0.0050 8.6 -99.00 -99.00 -99.0 -99.0000 0.0000 0.0  126.044 2.970  -329999.670 -329999.670  430.6
HOPS-258   05:41:24.727 -07:54:08.51 1.1 385.7 Flat 46.29 1.12 -99.0000  -99.0000  0.13 0.09 128.1 0.0050 0.0050 6.1 -99.00 -99.00 -99.0 -99.0000 0.0000 0.0  56.810 1.372  -329999.670 -329999.670  430.2
HOPS-270   05:40:40.560 -07:54:39.77 0.3 96.6 I    1.48 0.60 -99.0000  -99.0000  0.00 0.00 0.0 0.2300 0.0360 0.0 -99.00 -99.00 -99.0 -99.0000 0.0000 0.0  2.696 1.101  -329999.670 -329999.670  423.1
HOPS-274-A 05:40:20.727 -07:54:59.79 1.9 546.5 Flat 1.60 0.23 -99.0000  -99.0000  0.00 0.00 0.0 0.0000 0.0000 0.0 -99.00 -99.00 -99.0 -99.0000 0.0000 0.0  1.585 0.229  -329999.670 -329999.670  418.9
HOPS-274-B 05:40:20.731 -07:54:59.99 1.9 546.5 Flat 1.21 0.23 -99.0000  -99.0000  0.00 0.00 0.0 0.0000 0.0000 0.0 -99.00 -99.00 -99.0 -99.0000 0.0000 0.0  1.194 0.229  -329999.670 -329999.670  418.9
HOPS-254   05:41:24.518 -07:55:07.41 6.2 114.7 I    308.89 6.28 0.6820  0.0220  0.28 0.16 120.3 0.0060 0.0040 1.6 0.09 0.09 85.2 0.0080 0.0090 64.0  230.158 4.679  709.543 22.888  430.4
HOPS-374   05:41:25.459 -07:55:18.80 0.2 56.9 0    2.45 0.65 0.0394  0.0394  0.17 0.05 89.9 0.0640 0.0380 24.8 -99.00 -99.00 -99.0 -99.0000 -99.0000 3.3  5.003 1.326  96.071 96.071  430.5
HOPS-261-A 05:41:18.889 -07:55:28.57 2.4 149.5 I    3.08 0.63 -99.0000  -99.0000  0.13 0.04 62.3 0.0410 0.0280 19.0 -99.00 -99.00 -99.0 -99.0000 0.0000 0.0  2.997 0.612  -329999.670 -329999.670  429.8
HOPS-261-B 05:41:18.894 -07:55:29.34 2.4 149.5 I    3.72 0.75 -99.0000  -99.0000  0.15 0.07 68.2 0.0410 0.0350 30.8 -99.00 -99.00 -99.0 -99.0000 0.0000 0.0  3.620 0.726  -329999.670 -329999.670  429.8
HOPS-257   05:41:19.897 -07:55:46.77 0.3 292.6 Flat 9.38 0.57 -99.0000  -99.0000  0.07 0.05 25.9 0.0140 0.0220 25.3 -99.00 -99.00 -99.0 -99.0000 0.0000 0.0  16.635 1.009  -329999.670 -329999.670  430.0
HOPS-273   05:40:20.905 -07:56:24.58 2.2 243.3 I    139.23 1.50 -99.0000  -99.0000  0.25 0.14 143.0 0.0030 0.0020 0.9 -99.00 -99.00 -99.0 -99.0000 0.0000 0.0  132.600 1.429  -329999.670 -329999.670  419.4
HOPS-247   05:41:26.187 -07:56:51.91 3.3 42.8 0    252.45 5.12 0.5510  0.0250  0.23 0.16 17.9 0.0050 0.0040 2.8 0.10 0.06 37.4 0.0100 0.0040 6.4  226.981 4.604  677.571 30.743  430.9
HOPS-248-B 05:41:22.128 -07:58:02.95 2.2 484.3 Flat 2.02 0.38 -99.0000  -99.0000  0.00 0.00 0.0 0.0000 0.0000 0.0 -99.00 -99.00 -99.0 -99.0000 0.0000 0.0  2.039 0.381  -329999.670 -329999.670  430.7
HOPS-248-A 05:41:22.138 -07:58:03.08 2.2 484.3 Flat 45.82 0.94 -99.0000  -99.0000  0.08 0.06 35.7 0.0050 0.0050 13.0 -99.00 -99.00 -99.0 -99.0000 0.0000 0.0  46.165 0.946  -329999.670 -329999.670  430.7
HOPS-245   05:41:22.892 -07:58:56.00 0.3 302.1 Flat 1.81 0.23 -99.0000  -99.0000  0.00 0.00 0.0 0.0000 0.0000 0.0 -99.00 -99.00 -99.0 -99.0000 0.0000 0.0  3.392 0.437  -329999.670 -329999.670  431.0
HOPS-264   05:40:59.115 -08:00:14.40 0.1 402.3 Flat 1.13 0.42 -99.0000  -99.0000  0.00 0.00 0.0 0.0000 0.0000 0.0 -99.00 -99.00 -99.0 -99.0000 0.0000 0.0  3.578 1.331  -329999.670 -329999.670  428.3
HOPS-268   05:40:38.357 -08:00:36.03 1.1 113.9 I    5.77 1.39 -99.0000  -99.0000  0.26 0.16 42.2 0.0690 0.0510 31.7 -99.00 -99.00 -99.0 -99.0000 0.0000 0.0  6.946 1.679  -329999.670 -329999.670  424.3
HOPS-239   \nodata \nodata 0.3 116.2 I    0.71 0.71 -99.0000  -99.0000  -99.00 -99.00 -99.0 -99.0000 -99.0000 0.0 -99.00 -99.00 -99.0 -99.0000 0.0000 0.0  1.376 1.376  -329999.670 -329999.670  431.8
HOPS-241   05:41:26.453 -08:01:02.08 0.7 100.3 I    14.26 0.57 -99.0000  -99.0000  0.07 0.04 37.9 0.0090 0.0130 19.8 -99.00 -99.00 -99.0 -99.0000 0.0000 0.0  19.982 0.800  -329999.670 -329999.670  431.8
HOPS-240   05:41:25.988 -08:01:15.85 0.1 191.0 I    2.24 0.23 -99.0000  -99.0000  0.00 0.00 0.0 0.0000 0.0000 0.0 -99.00 -99.00 -99.0 -99.0000 0.0000 0.0  6.608 0.688  -329999.670 -329999.670  431.8
HOPS-233   \nodata \nodata 0.0 106.2 I    0.70 0.70 0.0367  0.0367  -99.00 -99.00 -99.0 -99.0000 -99.0000 0.0 -99.00 -99.00 -99.0 -99.0000 -99.0000 3.3  2.456 2.456  134.198 134.198  432.6
HOPS-234   05:41:49.961 -08:01:26.27 2.4 79.8 I    47.09 0.99 0.2620  0.0160  0.10 0.05 110.9 0.0040 0.0050 3.5 0.06 0.02 113.5 0.0100 0.0160 16.8  46.453 0.975  349.760 21.359  432.7
HOPS-284   05:38:51.499 -08:01:27.46 0.6 913.9 Flat 24.03 0.95 -99.0000  -99.0000  0.15 0.09 176.4 0.0070 0.0070 5.6 -99.00 -99.00 -99.0 -99.0000 0.0000 0.0  30.659 1.216  -329999.670 -329999.670  403.4
HOPS-238   05:41:26.657 -08:03:12.61 0.4 269.1 I    2.54 0.23 -99.0000  -99.0000  0.00 0.00 0.0 0.0000 0.0000 0.0 -99.00 -99.00 -99.0 -99.0000 0.0000 0.0  4.357 0.400  -329999.670 -329999.670  432.2
HOPS-237   05:41:28.984 -08:03:25.95 0.3 177.7 I    8.07 0.53 -99.0000  -99.0000  0.06 0.03 135.4 0.0170 0.0210 37.8 -99.00 -99.00 -99.0 -99.0000 0.0000 0.0  15.418 1.007  -329999.670 -329999.670  432.5
HOPS-236   05:41:30.223 -08:03:41.46 5.2 332.8 Flat 97.71 2.03 -99.0000  -99.0000  0.16 0.11 172.6 0.0040 0.0040 3.7 -99.00 -99.00 -99.0 -99.0000 0.0000 0.0  77.633 1.612  -329999.670 -329999.670  432.6
HOPS-251   05:40:54.017 -08:05:13.18 0.7 345.7 Flat 38.02 1.08 -99.0000  -99.0000  0.18 0.08 56.7 0.0060 0.0040 1.8 -99.00 -99.00 -99.0 -99.0000 0.0000 0.0  54.476 1.549  -329999.670 -329999.670  428.7
HOPS-405   05:40:58.552 -08:05:34.52 1.7 35.0 0    3.45 0.26 0.0630  0.0060  0.03 0.01 173.3 0.0000 0.0000 0.0 0.00 0.00 0.0 0.0000 0.0000 0.0  3.736 0.282  91.099 8.676  429.3
HOPS-255-B 05:40:50.567 -08:05:48.57 0.7 572.0 Flat 0.94 0.27 -99.0000  -99.0000  0.00 0.00 0.0 0.0000 0.0000 0.0 -99.00 -99.00 -99.0 -99.0000 0.0000 0.0  1.346 0.390  -329999.670 -329999.670  428.4
HOPS-255-A 05:40:50.576 -08:05:48.70 0.7 572.0 Flat 22.54 0.72 -99.0000  -99.0000  0.09 0.07 1.0 0.0070 0.0090 88.7 -99.00 -99.00 -99.0 -99.0000 0.0000 0.0  32.240 1.031  -329999.670 -329999.670  428.4
HOPS-249   05:40:52.869 -08:05:48.91 0.1 268.5 Flat 28.25 1.19 -99.0000  -99.0000  0.17 0.14 58.6 0.0090 0.0080 14.6 -99.00 -99.00 -99.0 -99.0000 0.0000 0.0  82.647 3.493  -329999.670 -329999.670  428.7
HOPS-235   05:41:25.354 -08:05:54.70 5.1 680.1 Flat 79.46 1.56 -99.0000  -99.0000  0.11 0.10 3.1 0.0050 0.0050 35.1 -99.00 -99.00 -99.0 -99.0000 0.0000 0.0  63.457 1.250  -329999.670 -329999.670  432.6
HOPS-244   05:41:02.010 -08:06:01.91 1.4 127.3 I    83.46 1.83 0.2800  0.0270  0.26 0.09 92.6 0.0060 0.0030 0.9 0.10 0.07 59.1 0.0170 0.0210 23.3  94.701 2.074  421.102 40.606  429.9
HOPS-252   05:40:49.914 -08:06:08.43 1.9 329.2 Flat 3.32 0.56 -99.0000  -99.0000  0.11 0.06 108.3 0.0400 0.0300 57.6 -99.00 -99.00 -99.0 -99.0000 0.0000 0.0  3.445 0.577  -329999.670 -329999.670  428.5
HOPS-256   05:40:45.274 -08:06:42.20 0.1 72.4 0    2.97 0.65 0.0202  0.0202  0.13 0.03 31.1 0.0420 0.0410 20.0 -99.00 -99.00 -99.0 -99.0000 -99.0000 3.3  7.467 1.625  57.617 57.617  427.7
HOPS-243   05:41:01.663 -08:06:44.60 0.5 50.8 0    9.36 1.14 0.0297  0.0297  0.22 0.20 104.1 0.0350 0.0350 63.3 -99.00 -99.00 -99.0 -99.0000 -99.0000 3.3  15.164 1.852  60.158 60.158  430.0
HOPS-250   05:40:48.849 -08:06:57.10 7.1 69.4 0    187.77 4.15 0.2480  0.0280  0.32 0.19 43.4 0.0080 0.0050 1.7 0.15 0.09 40.6 0.0270 0.0130 18.0  133.912 2.958  247.847 27.983  428.5
HOPS-250-B 05:40:46.618 -08:07:12.84 7.1 69.4 0    -99.00 -99.00 0.1840  0.0090  -99.00 -99.00 -99.0 -99.0000 0.0000 0.0 0.06 0.03 31.5 0.0000 0.0000 0.0  -329999.670 -329999.670  183.886 8.994  428.5
HOPS-232   05:41:35.471 -08:08:22.70 1.2 187.9 I    24.18 0.81 -99.0000  -99.0000  0.12 0.06 132.9 0.0060 0.0080 5.4 -99.00 -99.00 -99.0 -99.0000 0.0000 0.0  29.807 1.001  -329999.670 -329999.670  434.0
HOPS-246   05:40:47.112 -08:09:48.04 0.4 95.6 I    48.68 1.20 -99.0000  -99.0000  0.17 0.08 34.6 0.0050 0.0040 2.1 -99.00 -99.00 -99.0 -99.0000 0.0000 0.0  81.838 2.019  -329999.670 -329999.670  429.1
HOPS-229   \nodata \nodata 0.4 471.6 Flat 0.65 0.65 -99.0000  -99.0000  -99.00 -99.00 -99.0 -99.0000 -99.0000 0.0 -99.00 -99.00 -99.0 -99.0000 0.0000 0.0  1.130 1.130  -329999.670 -329999.670  431.0
HOPS-242-A 05:40:48.530 -08:11:08.90 0.7 836.7 Flat 7.42 0.57 -99.0000  -99.0000  0.08 0.04 93.2 0.0150 0.0240 20.9 -99.00 -99.00 -99.0 -99.0000 0.0000 0.0  10.684 0.815  -329999.670 -329999.670  429.6
HOPS-242-B 05:40:48.549 -08:11:08.93 0.7 836.7 Flat 2.80 0.25 -99.0000  -99.0000  0.00 0.00 0.0 0.0000 0.0000 0.0 -99.00 -99.00 -99.0 -99.0000 0.0000 0.0  4.033 0.366  -329999.670 -329999.670  429.6
HOPS-259-A 05:40:20.904 -08:13:55.20 0.8 410.3 Flat 10.53 0.51 -99.0000  -99.0000  0.06 0.04 66.7 0.0100 0.0130 27.9 -99.00 -99.00 -99.0 -99.0000 0.0000 0.0  14.045 0.679  -329999.670 -329999.670  425.3
HOPS-259-B 05:40:20.933 -08:14:06.44 0.8 410.3 Flat 4.56 0.25 -99.0000  -99.0000  0.00 0.00 0.0 0.0000 0.0000 0.0 -99.00 -99.00 -99.0 -99.0000 0.0000 0.0  6.080 0.330  -329999.670 -329999.670  425.3
HOPS-260   05:40:19.400 -08:14:16.29 1.7 600.1 Flat 85.74 2.42 -99.0000  -99.0000  0.38 0.18 90.7 0.0110 0.0050 1.4 -99.00 -99.00 -99.0 -99.0000 0.0000 0.0  90.202 2.542  -329999.670 -329999.670  425.1
HOPS-397   05:42:49.002 -08:16:10.68 1.8 46.1 0    63.32 2.26 0.1300  0.0150  0.55 0.14 131.6 0.0210 0.0060 0.8 0.07 0.02 146.8 0.0210 0.0100 22.4  68.480 2.447  187.847 21.675  431.7
HOPS-223   05:42:48.491 -08:16:34.68 20.4 247.5 I    239.50 4.69 0.6530  0.0230  0.16 0.15 44.4 0.0050 0.0050 48.1 0.09 0.07 4.4 0.0060 0.0060 14.8  129.380 2.534  507.418 17.872  431.8
HOPS-221   05:42:47.067 -08:17:06.91 8.8 172.3 I    194.42 3.46 -99.0000  -99.0000  0.11 0.10 19.4 0.0040 0.0050 21.1 -99.00 -99.00 -99.0 -99.0000 0.0000 0.0  132.326 2.354  -329999.670 -329999.670  432.0
HOPS-215   05:43:09.583 -08:29:27.23 0.6 195.5 I    8.95 0.69 -99.0000  -99.0000  0.11 0.07 17.7 0.0150 0.0190 14.9 -99.00 -99.00 -99.0 -99.0000 0.0000 0.0  13.578 1.045  -329999.670 -329999.670  432.5
HOPS-216   05:42:55.566 -08:32:48.36 0.7 117.7 I    20.46 0.86 -99.0000  -99.0000  0.19 0.04 20.7 0.0090 0.0100 2.0 -99.00 -99.00 -99.0 -99.0000 0.0000 0.0  29.271 1.230  -329999.670 -329999.670  433.8
HOPS-228   05:41:34.183 -08:35:27.87 12.0 293.0 I    76.66 1.51 -99.0000  -99.0000  0.11 0.08 107.3 0.0040 0.0040 6.2 -99.00 -99.00 -99.0 -99.0000 0.0000 0.0  49.551 0.975  -329999.670 -329999.670  439.2
HOPS-214   05:42:47.232 -08:36:36.88 0.1 360.8 Flat 15.52 0.82 -99.0000  -99.0000  0.17 0.07 64.0 0.0110 0.0070 3.1 -99.00 -99.00 -99.0 -99.0000 0.0000 0.0  36.880 1.939  -329999.670 -329999.670  435.0
HOPS-211   05:42:58.340 -08:37:44.25 0.3 87.9 Flat 3.50 0.54 -99.0000  -99.0000  0.10 0.06 3.8 0.0420 0.0440 54.4 -99.00 -99.00 -99.0 -99.0000 0.0000 0.0  6.845 1.053  -329999.670 -329999.670  434.5
HOPS-227   05:41:32.340 -08:37:55.54 0.4 371.0 Flat 4.81 0.69 -99.0000  -99.0000  0.16 0.07 164.5 0.0290 0.0360 12.8 -99.00 -99.00 -99.0 -99.0000 0.0000 0.0  8.696 1.250  -329999.670 -329999.670  439.8
HOPS-210   05:42:58.285 -08:38:05.26 1.4 204.9 Flat 95.13 2.15 -99.0000  -99.0000  0.34 0.09 12.3 0.0080 0.0040 0.7 -99.00 -99.00 -99.0 -99.0000 0.0000 0.0  111.311 2.511  -329999.670 -329999.670  434.6
HOPS-213-B 05:42:48.077 -08:40:08.28 1.6 534.9 Flat 1.61 0.48 -99.0000  -99.0000  0.11 0.00 84.9 0.0560 0.0640 79.0 -99.00 -99.00 -99.0 -99.0000 0.0000 0.0  1.823 0.549  -329999.670 -329999.670  435.6
HOPS-213-A 05:42:48.088 -08:40:08.47 1.6 534.9 Flat 2.45 0.42 -99.0000  -99.0000  0.00 0.00 0.0 0.0950 0.0660 0.0 -99.00 -99.00 -99.0 -99.0000 0.0000 0.0  2.780 0.477  -329999.670 -329999.670  435.6
HOPS-226   \nodata \nodata 0.9 350.2 Flat 0.72 0.72 0.0431  0.0431  -99.00 -99.00 -99.0 -99.0000 -99.0000 0.0 -99.00 -99.00 -99.0 -99.0000 -99.0000 3.3  0.976 0.976  75.920 75.920  440.4
HOPS-224   05:41:32.066 -08:40:09.77 3.3 48.6 0    252.61 5.38 0.2420  0.0370  0.29 0.18 170.4 0.0060 0.0050 2.0 0.14 0.09 13.5 0.0350 0.0270 63.2  236.588 5.040  310.079 47.409  440.3
HOPS-225   05:41:30.343 -08:40:17.73 0.9 432.5 Flat 10.81 0.56 0.1010  0.0110  0.07 0.03 6.0 0.0120 0.0190 18.8 0.03 0.02 32.6 0.0000 0.0000 0.0  14.760 0.762  178.996 19.495  440.5
HOPS-209   \nodata \nodata 0.3 554.1 I    0.69 0.69 -99.0000  -99.0000  -99.00 -99.00 -99.0 -99.0000 -99.0000 0.0 -99.00 -99.00 -99.0 -99.0000 0.0000 0.0  1.329 1.329  -329999.670 -329999.670  435.6
HOPS-220   05:41:29.786 -08:42:46.21 0.3 193.6 I    24.54 0.84 -99.0000  -99.0000  0.15 0.05 3.8 0.0060 0.0080 2.6 -99.00 -99.00 -99.0 -99.0000 0.0000 0.0  47.899 1.646  -329999.670 -329999.670  441.0
HOPS-219   05:41:29.289 -08:43:04.31 2.3 90.0 I    71.48 1.39 -99.0000  -99.0000  0.14 0.06 87.1 0.0040 0.0030 1.4 -99.00 -99.00 -99.0 -99.0000 0.0000 0.0  74.949 1.461  -329999.670 -329999.670  441.1
HOPS-208   05:42:52.733 -08:44:13.11 0.0 373.5 Flat 5.77 0.84 -99.0000  -99.0000  0.20 0.11 37.8 0.0380 0.0310 17.1 -99.00 -99.00 -99.0 -99.0000 0.0000 0.0  29.775 4.346  -329999.670 -329999.670  436.1
HOPS-206   05:43:07.293 -08:44:31.27 2.5 65.1 0    21.14 0.65 0.1220  0.0140  0.09 0.04 18.9 0.0060 0.0110 6.3 0.00 0.00 0.0 0.0000 0.0000 0.0  21.008 0.650  164.201 18.843  435.2
HOPS-204   05:43:10.185 -08:46:07.86 1.4 85.4 I    61.69 1.10 -99.0000  -99.0000  0.07 0.06 87.0 0.0040 0.0030 8.2 -99.00 -99.00 -99.0 -99.0000 0.0000 0.0  71.868 1.283  -329999.670 -329999.670  435.4
HOPS-207   \nodata \nodata 0.6 446.2 Flat 0.66 0.66 -99.0000  -99.0000  -99.00 -99.00 -99.0 -99.0000 -99.0000 0.0 -99.00 -99.00 -99.0 -99.0000 0.0000 0.0  1.024 1.024  -329999.670 -329999.670  438.5
